0 10
0 11
0 13
0 14
0 16
0 17
0 20
0 21
0 22
0 24
0 26
0 35
0 37
0 41
0 42
0 45
0 46
0 48
0 52
0 53
0 59
0 60
0 69
0 79
0 82
0 89
0 90
0 95
0 97
0 102
0 106
0 128
0 137
0 152
0 165
0 169
0 187
0 189
0 214
0 249
0 260
0 261
0 274
0 277
0 281
0 291
0 292
0 320
0 322
0 337
0 345
0 363
0 375
0 381
0 388
0 408
0 449
0 455
0 474
0 500
0 585
0 601
0 609
0 613
0 631
0 648
0 654
0 657
0 668
0 683
0 692
0 706
0 746
0 772
0 843
0 874
0 926
0 941
0 961
0 989
0 990
0 995
0 996
1 10
1 11
1 12
1 13
1 14
1 18
1 19
1 23
1 28
1 30
1 32
1 33
1 44
1 46
1 49
1 54
1 64
1 70
1 71
1 72
1 74
1 75
1 76
1 77
1 94
1 96
1 98
1 100
1 103
1 113
1 116
1 117
1 119
1 126
1 131
1 162
1 165
1 176
1 177
1 201
1 204
1 208
1 215
1 222
1 227
1 232
1 241
1 255
1 302
1 313
1 322
1 330
1 344
1 350
1 405
1 418
1 424
1 426
1 434
1 451
1 456
1 476
1 546
1 551
1 556
1 596
1 615
1 643
1 663
1 676
1 683
1 702
1 704
1 727
1 734
1 759
1 780
1 854
1 897
1 932
1 960
1 961
1 979
1 993
2 10
2 11
2 12
2 13
2 15
2 19
2 20
2 22
2 24
2 25
2 26
2 27
2 31
2 32
2 33
2 37
2 42
2 45
2 51
2 53
2 54
2 59
2 60
2 67
2 68
2 83
2 89
2 91
2 97
2 110
2 114
2 115
2 116
2 131
2 135
2 138
2 145
2 155
2 157
2 159
2 160
2 168
2 170
2 174
2 187
2 195
2 196
2 209
2 212
2 244
2 250
2 253
2 258
2 261
2 268
2 272
2 286
2 290
2 296
2 301
2 302
2 317
2 334
2 352
2 354
2 359
2 381
2 388
2 392
2 403
2 413
2 440
2 450
2 453
2 478
2 517
2 537
2 543
2 585
2 587
2 588
2 615
2 617
2 618
2 620
2 629
2 644
2 649
2 652
2 694
2 695
2 697
2 726
2 732
2 735
2 739
2 746
2 750
2 759
2 772
2 790
2 851
2 898
2 923
2 946
2 956
2 968
2 981
3 10
3 11
3 13
3 14
3 16
3 21
3 22
3 24
3 25
3 34
3 40
3 43
3 44
3 45
3 51
3 61
3 75
3 128
3 156
3 161
3 190
3 226
3 247
3 309
3 323
3 333
3 376
3 475
3 511
3 525
3 544
3 546
3 580
3 582
3 621
3 722
3 730
3 781
3 796
3 808
3 848
3 914
3 920
3 928
3 935
3 937
3 939
3 971
3 984
4 10
4 11
4 12
4 13
4 14
4 15
4 16
4 20
4 21
4 23
4 39
4 42
4 43
4 44
4 48
4 65
4 77
4 93
4 102
4 109
4 115
4 128
4 142
4 151
4 161
4 193
4 203
4 215
4 237
4 266
4 286
4 317
4 352
4 368
4 373
4 377
4 389
4 394
4 398
4 433
4 450
4 457
4 462
4 495
4 511
4 513
4 562
4 567
4 580
4 588
4 605
4 629
4 635
4 639
4 646
4 678
4 684
4 724
4 726
4 747
4 749
4 753
4 760
4 800
4 830
4 838
4 840
4 877
4 881
4 931
4 945
4 962
4 978
5 10
5 12
5 13
5 14
5 15
5 17
5 18
5 19
5 22
5 23
5 24
5 26
5 28
5 34
5 35
5 40
5 42
5 45
5 46
5 52
5 60
5 61
5 66
5 71
5 75
5 86
5 88
5 95
5 104
5 120
5 127
5 129
5 136
5 145
5 157
5 165
5 171
5 180
5 186
5 194
5 200
5 211
5 212
5 225
5 231
5 260
5 273
5 274
5 281
5 324
5 342
5 348
5 350
5 352
5 383
5 397
5 407
5 431
5 447
5 458
5 500
5 510
5 512
5 519
5 525
5 533
5 534
5 553
5 582
5 597
5 643
5 654
5 656
5 662
5 690
5 708
5 730
5 741
5 750
5 759
5 779
5 785
5 797
5 800
5 802
5 818
5 822
5 828
5 855
5 859
5 873
5 882
5 902
5 941
5 945
5 973
5 985
5 992
6 10
6 11
6 12
6 15
6 20
6 24
6 25
6 30
6 43
6 48
6 106
6 107
6 128
6 219
6 235
6 248
6 262
6 280
6 286
6 306
6 361
6 372
6 446
6 457
6 541
6 568
6 597
6 635
6 637
6 650
6 698
6 701
6 737
6 763
6 797
6 798
6 818
6 824
6 896
6 901
7 10
7 11
7 12
7 14
7 15
7 20
7 28
7 31
7 34
7 56
7 60
7 63
7 71
7 79
7 85
7 90
7 96
7 100
7 104
7 105
7 108
7 114
7 121
7 134
7 136
7 207
7 231
7 239
7 255
7 287
7 298
7 317
7 332
7 351
7 371
7 400
7 401
7 405
7 441
7 462
7 504
7 550
7 580
7 619
7 626
7 627
7 675
7 698
7 706
7 728
7 755
7 868
7 872
7 873
7 912
7 993
8 10
8 11
8 12
8 13
8 16
8 21
8 28
8 36
8 40
8 57
8 62
8 73
8 76
8 85
8 96
8 117
8 143
8 146
8 151
8 154
8 167
8 176
8 183
8 197
8 221
8 239
8 266
8 304
8 326
8 379
8 389
8 437
8 438
8 462
8 470
8 508
8 512
8 523
8 533
8 535
8 592
8 599
8 625
8 629
8 683
8 721
8 767
8 774
8 781
8 829
8 859
8 873
8 913
8 926
8 940
8 967
8 978
8 987
8 994
9 10
9 11
9 12
9 16
9 17
9 21
9 22
9 23
9 25
9 30
9 35
9 42
9 67
9 69
9 80
9 91
9 110
9 131
9 134
9 143
9 146
9 152
9 166
9 171
9 173
9 210
9 213
9 220
9 235
9 237
9 250
9 253
9 257
9 262
9 264
9 291
9 305
9 309
9 315
9 323
9 350
9 355
9 364
9 382
9 399
9 420
9 421
9 433
9 434
9 465
9 472
9 520
9 523
9 534
9 583
9 592
9 601
9 642
9 670
9 671
9 685
9 699
9 712
9 713
9 743
9 746
9 779
9 813
9 836
9 888
9 913
9 938
9 976
10 11
10 12
10 13
10 14
10 15
10 16
10 17
10 18
10 19
10 20
10 22
10 23
10 24
10 26
10 27
10 29
10 32
10 33
10 34
10 37
10 39
10 41
10 45
10 48
10 49
10 53
10 55
10 56
10 58
10 66
10 67
10 68
10 70
10 73
10 74
10 76
10 78
10 79
10 81
10 84
10 87
10 88
10 90
10 95
10 97
10 107
10 108
10 109
10 118
10 123
10 124
10 125
10 127
10 129
10 135
10 137
10 140
10 142
10 155
10 156
10 161
10 162
10 164
10 177
10 183
10 197
10 208
10 211
10 212
10 228
10 235
10 241
10 252
10 255
10 259
10 263
10 274
10 287
10 288
10 292
10 294
10 316
10 323
10 326
10 331
10 334
10 340
10 342
10 348
10 358
10 367
10 373
10 379
10 389
10 394
10 395
10 406
10 416
10 419
10 451
10 464
10 489
10 501
10 506
10 525
10 536
10 601
10 610
10 612
10 621
10 626
10 632
10 641
10 643
10 665
10 674
10 693
10 701
10 704
10 705
10 709
10 731
10 732
10 738
10 754
10 763
10 768
10 796
10 821
10 831
10 839
10 842
10 860
10 892
10 912
10 922
10 929
10 939
10 946
10 954
10 992
10 999
11 12
11 13
11 14
11 15
11 16
11 17
11 18
11 21
11 25
11 26
11 27
11 30
11 31
11 33
11 36
11 37
11 41
11 50
11 53
11 64
11 65
11 71
11 78
11 86
11 94
11 95
11 107
11 109
11 117
11 118
11 123
11 124
11 125
11 126
11 138
11 140
11 142
11 158
11 159
11 164
11 173
11 175
11 187
11 194
11 200
11 203
11 228
11 238
11 241
11 256
11 257
11 259
11 272
11 273
11 281
11 298
11 299
11 320
11 354
11 371
11 388
11 392
11 395
11 409
11 415
11 418
11 451
11 458
11 469
11 487
11 492
11 518
11 532
11 540
11 544
11 547
11 592
11 593
11 607
11 619
11 620
11 626
11 636
11 643
11 658
11 667
11 695
11 701
11 704
11 707
11 712
11 715
11 729
11 732
11 740
11 751
11 753
11 756
11 789
11 857
11 887
11 893
11 895
11 918
11 925
11 930
11 935
11 965
11 972
11 973
11 975
11 988
11 991
11 992
12 13
12 14
12 15
12 17
12 18
12 19
12 21
12 22
12 23
12 24
12 25
12 39
12 40
12 44
12 47
12 48
12 49
12 61
12 63
12 64
12 65
12 68
12 75
12 84
12 91
12 92
12 96
12 103
12 106
12 109
12 127
12 131
12 140
12 141
12 148
12 153
12 156
12 169
12 177
12 178
12 179
12 183
12 197
12 205
12 208
12 211
12 217
12 218
12 220
12 270
12 295
12 300
12 319
12 327
12 347
12 349
12 356
12 362
12 391
12 398
12 418
12 434
12 438
12 448
12 471
12 479
12 491
12 498
12 500
12 550
12 569
12 573
12 591
12 609
12 617
12 633
12 700
12 746
12 761
12 781
12 786
12 806
12 832
12 852
12 869
12 904
12 948
12 953
12 961
12 980
13 14
13 15
13 16
13 17
13 18
13 19
13 23
13 25
13 26
13 27
13 29
13 35
13 36
13 42
13 43
13 47
13 54
13 55
13 62
13 67
13 73
13 77
13 82
13 83
13 84
13 92
13 94
13 96
13 104
13 107
13 113
13 114
13 116
13 123
13 129
13 132
13 134
13 135
13 142
13 145
13 156
13 161
13 162
13 166
13 171
13 173
13 177
13 181
13 184
13 188
13 192
13 212
13 216
13 223
13 249
13 255
13 256
13 269
13 273
13 278
13 283
13 286
13 308
13 315
13 325
13 337
13 338
13 378
13 384
13 385
13 386
13 387
13 408
13 427
13 430
13 437
13 451
13 473
13 481
13 496
13 502
13 513
13 516
13 519
13 547
13 561
13 562
13 567
13 577
13 579
13 582
13 591
13 609
13 622
13 641
13 644
13 675
13 722
13 727
13 753
13 754
13 761
13 765
13 768
13 771
13 776
13 778
13 790
13 796
13 823
13 863
13 892
13 899
13 906
13 907
13 944
14 15
14 16
14 17
14 18
14 20
14 22
14 27
14 28
14 29
14 30
14 33
14 35
14 37
14 41
14 42
14 55
14 67
14 80
14 83
14 85
14 87
14 106
14 115
14 127
14 140
14 144
14 157
14 158
14 165
14 173
14 182
14 187
14 194
14 196
14 201
14 214
14 222
14 223
14 226
14 241
14 248
14 250
14 265
14 267
14 268
14 274
14 292
14 295
14 296
14 312
14 314
14 316
14 332
14 333
14 339
14 344
14 351
14 355
14 428
14 448
14 449
14 459
14 462
14 473
14 475
14 477
14 483
14 489
14 505
14 507
14 512
14 548
14 552
14 554
14 556
14 571
14 587
14 599
14 601
14 619
14 638
14 640
14 666
14 668
14 675
14 707
14 714
14 723
14 740
14 783
14 787
14 831
14 853
14 856
14 860
14 862
14 870
14 885
14 902
14 925
14 931
14 961
14 970
15 16
15 17
15 18
15 19
15 20
15 23
15 31
15 32
15 35
15 37
15 38
15 39
15 50
15 51
15 53
15 58
15 61
15 64
15 67
15 70
15 72
15 75
15 82
15 86
15 87
15 93
15 108
15 118
15 122
15 134
15 148
15 151
15 157
15 160
15 163
15 167
15 178
15 181
15 193
15 209
15 213
15 216
15 221
15 232
15 235
15 252
15 263
15 280
15 291
15 298
15 301
15 308
15 320
15 327
15 329
15 347
15 357
15 373
15 374
15 380
15 396
15 410
15 412
15 421
15 425
15 444
15 447
15 454
15 458
15 463
15 479
15 488
15 503
15 509
15 536
15 545
15 548
15 551
15 552
15 565
15 566
15 576
15 591
15 598
15 622
15 628
15 668
15 676
15 688
15 707
15 717
15 721
15 730
15 763
15 776
15 780
15 794
15 800
15 808
15 910
15 916
15 936
15 947
15 950
15 982
15 990
15 999
16 17
16 18
16 19
16 20
16 23
16 25
16 26
16 27
16 28
16 29
16 34
16 40
16 44
16 45
16 49
16 50
16 54
16 55
16 56
16 57
16 58
16 63
16 70
16 71
16 72
16 73
16 76
16 79
16 82
16 84
16 86
16 89
16 93
16 95
16 97
16 101
16 105
16 106
16 112
16 113
16 116
16 128
16 131
16 137
16 140
16 148
16 158
16 164
16 180
16 183
16 184
16 186
16 187
16 200
16 204
16 231
16 239
16 243
16 250
16 251
16 260
16 265
16 275
16 287
16 290
16 302
16 304
16 308
16 313
16 315
16 339
16 344
16 350
16 357
16 363
16 365
16 389
16 432
16 447
16 448
16 489
16 491
16 495
16 503
16 505
16 527
16 530
16 536
16 540
16 559
16 564
16 577
16 579
16 589
16 594
16 659
16 663
16 673
16 678
16 689
16 690
16 714
16 742
16 756
16 770
16 790
16 802
16 812
16 827
16 871
16 883
16 889
16 897
16 903
16 915
16 931
16 953
16 989
17 18
17 19
17 20
17 21
17 24
17 25
17 26
17 31
17 35
17 36
17 39
17 46
17 47
17 50
17 54
17 57
17 59
17 60
17 66
17 71
17 73
17 74
17 76
17 77
17 78
17 80
17 82
17 83
17 89
17 91
17 92
17 97
17 99
17 111
17 124
17 141
17 161
17 170
17 176
17 186
17 191
17 198
17 200
17 202
17 208
17 225
17 234
17 243
17 251
17 257
17 275
17 291
17 307
17 318
17 344
17 355
17 406
17 428
17 434
17 441
17 448
17 471
17 475
17 476
17 478
17 484
17 487
17 494
17 506
17 531
17 541
17 543
17 575
17 576
17 594
17 620
17 649
17 656
17 662
17 710
17 713
17 719
17 756
17 758
17 759
17 776
17 805
17 836
17 863
17 902
17 917
17 920
17 926
18 19
18 21
18 22
18 29
18 31
18 32
18 33
18 34
18 35
18 36
18 37
18 38
18 39
18 40
18 42
18 44
18 47
18 49
18 50
18 53
18 54
18 55
18 56
18 58
18 61
18 63
18 65
18 66
18 68
18 69
18 74
18 76
18 89
18 90
18 91
18 94
18 98
18 101
18 111
18 112
18 114
18 120
18 128
18 130
18 132
18 138
18 139
18 142
18 143
18 147
18 150
18 151
18 153
18 154
18 159
18 162
18 163
18 176
18 177
18 188
18 190
18 193
18 195
18 198
18 201
18 225
18 232
18 236
18 242
18 246
18 252
18 262
18 268
18 272
18 274
18 287
18 289
18 295
18 302
18 303
18 318
18 324
18 330
18 340
18 350
18 361
18 371
18 375
18 384
18 391
18 396
18 409
18 414
18 416
18 424
18 442
18 444
18 449
18 450
18 467
18 469
18 481
18 492
18 511
18 517
18 535
18 543
18 552
18 556
18 563
18 570
18 571
18 572
18 583
18 595
18 614
18 618
18 650
18 692
18 717
18 718
18 722
18 727
18 742
18 749
18 755
18 782
18 787
18 794
18 795
18 817
18 845
18 847
18 848
18 859
18 899
18 937
18 948
18 963
18 975
18 984
18 988
19 21
19 28
19 30
19 31
19 34
19 35
19 43
19 51
19 59
19 68
19 75
19 81
19 84
19 102
19 123
19 159
19 173
19 185
19 200
19 205
19 211
19 212
19 237
19 264
19 270
19 289
19 291
19 320
19 336
19 354
19 383
19 487
19 490
19 508
19 516
19 529
19 532
19 546
19 607
19 666
19 712
19 716
19 728
19 846
19 849
19 874
19 931
19 933
19 939
19 972
20 22
20 24
20 27
20 28
20 29
20 31
20 36
20 38
20 41
20 44
20 45
20 49
20 50
20 60
20 61
20 68
20 74
20 77
20 85
20 87
20 88
20 100
20 101
20 110
20 113
20 118
20 121
20 125
20 135
20 138
20 141
20 150
20 168
20 178
20 190
20 197
20 218
20 222
20 260
20 267
20 273
20 274
20 293
20 310
20 315
20 322
20 324
20 327
20 329
20 338
20 341
20 359
20 360
20 366
20 370
20 379
20 380
20 425
20 454
20 458
20 473
20 518
20 552
20 586
20 597
20 601
20 629
20 639
20 649
20 651
20 657
20 664
20 676
20 761
20 779
20 780
20 797
20 806
20 814
20 820
20 827
20 855
20 866
20 868
20 872
20 879
20 905
20 915
20 924
20 959
20 990
21 23
21 27
21 29
21 30
21 32
21 38
21 46
21 47
21 49
21 58
21 59
21 63
21 66
21 76
21 80
21 86
21 88
21 99
21 100
21 109
21 110
21 114
21 119
21 145
21 167
21 172
21 180
21 181
21 187
21 219
21 227
21 230
21 238
21 240
21 251
21 252
21 263
21 271
21 274
21 276
21 277
21 282
21 319
21 323
21 324
21 342
21 358
21 362
21 372
21 373
21 383
21 392
21 425
21 469
21 472
21 489
21 505
21 528
21 535
21 557
21 560
21 565
21 585
21 596
21 602
21 605
21 623
21 645
21 653
21 676
21 681
21 729
21 762
21 781
21 787
21 816
21 817
21 842
21 853
21 887
21 913
21 935
21 955
21 971
21 989
21 999
22 24
22 26
22 29
22 30
22 32
22 33
22 36
22 40
22 43
22 51
22 54
22 58
22 67
22 75
22 79
22 84
22 111
22 132
22 137
22 139
22 169
22 179
22 180
22 191
22 211
22 262
22 266
22 275
22 281
22 283
22 311
22 317
22 318
22 356
22 360
22 378
22 384
22 393
22 428
22 433
22 457
22 537
22 572
22 576
22 596
22 611
22 618
22 629
22 655
22 709
22 717
22 719
22 724
22 743
22 750
22 755
22 803
22 821
22 842
22 855
22 870
22 888
22 892
22 897
22 930
22 953
22 966
23 25
23 28
23 31
23 32
23 33
23 34
23 36
23 38
23 42
23 48
23 52
23 59
23 62
23 74
23 80
23 82
23 86
23 109
23 111
23 115
23 123
23 130
23 149
23 166
23 178
23 184
23 185
23 197
23 199
23 210
23 220
23 227
23 230
23 245
23 277
23 279
23 351
23 354
23 360
23 381
23 400
23 402
23 412
23 421
23 445
23 474
23 492
23 495
23 514
23 535
23 542
23 561
23 679
23 737
23 788
23 812
23 834
23 878
23 898
23 918
23 939
23 957
24 26
24 30
24 39
24 44
24 46
24 53
24 54
24 66
24 77
24 82
24 86
24 103
24 104
24 105
24 106
24 112
24 117
24 119
24 123
24 136
24 169
24 175
24 229
24 237
24 240
24 245
24 246
24 299
24 318
24 335
24 339
24 351
24 352
24 362
24 376
24 379
24 403
24 405
24 410
24 412
24 426
24 435
24 447
24 465
24 484
24 490
24 522
24 535
24 555
24 573
24 579
24 606
24 610
24 644
24 666
24 686
24 687
24 700
24 709
24 729
24 773
24 802
24 824
24 841
24 859
24 886
24 896
24 904
24 927
24 944
24 987
25 27
25 38
25 41
25 43
25 46
25 51
25 56
25 57
25 62
25 63
25 74
25 90
25 96
25 112
25 152
25 154
25 155
25 160
25 161
25 181
25 196
25 236
25 239
25 256
25 263
25 271
25 292
25 304
25 315
25 321
25 337
25 340
25 346
25 351
25 378
25 415
25 435
25 460
25 464
25 465
25 498
25 499
25 563
25 566
25 599
25 604
25 646
25 674
25 761
25 768
25 780
25 869
25 907
25 924
25 964
25 969
25 979
25 988
25 993
26 27
26 28
26 30
26 34
26 41
26 43
26 44
26 48
26 50
26 53
26 57
26 60
26 66
26 67
26 72
26 81
26 87
26 92
26 93
26 98
26 104
26 118
26 125
26 130
26 133
26 138
26 142
26 150
26 160
26 197
26 217
26 218
26 221
26 222
26 225
26 233
26 239
26 258
26 272
26 296
26 307
26 324
26 334
26 356
26 401
26 412
26 418
26 420
26 426
26 431
26 460
26 465
26 484
26 491
26 513
26 518
26 524
26 527
26 528
26 607
26 608
26 628
26 640
26 655
26 671
26 680
26 708
26 720
26 737
26 765
26 769
26 874
26 897
26 909
26 934
26 957
26 966
26 968
26 977
26 979
26 989
27 29
27 32
27 33
27 37
27 40
27 54
27 56
27 68
27 70
27 71
27 77
27 83
27 87
27 92
27 105
27 109
27 124
27 134
27 185
27 186
27 192
27 199
27 219
27 259
27 264
27 269
27 276
27 277
27 295
27 299
27 328
27 330
27 340
27 367
27 375
27 391
27 395
27 464
27 470
27 523
27 570
27 581
27 594
27 600
27 621
27 623
27 626
27 647
27 657
27 673
27 687
27 689
27 730
27 757
27 783
27 795
27 825
27 848
27 858
27 874
27 890
27 893
27 918
27 950
27 983
28 29
28 39
28 45
28 48
28 54
28 61
28 62
28 65
28 67
28 73
28 78
28 80
28 96
28 107
28 120
28 122
28 133
28 148
28 157
28 185
28 202
28 206
28 220
28 231
28 246
28 252
28 260
28 270
28 290
28 315
28 359
28 391
28 399
28 427
28 469
28 477
28 480
28 519
28 521
28 544
28 551
28 562
28 575
28 584
28 607
28 645
28 672
28 687
28 728
28 764
28 830
28 852
28 885
28 898
28 913
28 944
28 960
28 966
28 983
29 31
29 32
29 33
29 36
29 37
29 42
29 47
29 51
29 62
29 66
29 69
29 71
29 73
29 74
29 75
29 77
29 79
29 83
29 92
29 93
29 97
29 100
29 101
29 106
29 108
29 116
29 118
29 120
29 122
29 150
29 154
29 155
29 161
29 163
29 168
29 180
29 188
29 194
29 196
29 204
29 225
29 229
29 232
29 237
29 242
29 244
29 248
29 262
29 266
29 267
29 272
29 309
29 311
29 316
29 319
29 340
29 348
29 349
29 351
29 358
29 369
29 382
29 385
29 403
29 405
29 408
29 409
29 414
29 417
29 420
29 422
29 434
29 436
29 444
29 445
29 460
29 464
29 466
29 470
29 499
29 503
29 504
29 508
29 516
29 523
29 539
29 563
29 570
29 590
29 594
29 643
29 657
29 665
29 685
29 723
29 724
29 725
29 730
29 742
29 766
29 770
29 780
29 784
29 789
29 797
29 804
29 816
29 828
29 835
29 862
29 865
29 873
29 879
29 892
29 913
29 917
29 919
29 931
29 946
29 947
29 954
29 955
29 980
29 982
29 990
30 34
30 38
30 49
30 50
30 58
30 59
30 61
30 65
30 68
30 72
30 74
30 91
30 97
30 101
30 113
30 117
30 118
30 127
30 128
30 131
30 143
30 155
30 163
30 165
30 170
30 171
30 188
30 207
30 208
30 220
30 221
30 229
30 241
30 248
30 251
30 259
30 275
30 277
30 299
30 313
30 323
30 364
30 377
30 387
30 394
30 417
30 466
30 489
30 529
30 543
30 559
30 560
30 612
30 613
30 648
30 678
30 742
30 745
30 761
30 794
30 864
30 877
30 889
30 909
30 913
30 924
30 955
30 970
31 38
31 45
31 46
31 49
31 52
31 55
31 57
31 72
31 75
31 81
31 98
31 103
31 108
31 112
31 136
31 137
31 154
31 192
31 208
31 212
31 224
31 239
31 276
31 307
31 320
31 331
31 336
31 374
31 381
31 404
31 424
31 456
31 469
31 477
31 492
31 498
31 520
31 521
31 522
31 591
31 615
31 630
31 690
31 713
31 727
31 767
31 771
31 777
31 784
31 787
31 792
31 796
31 848
31 854
31 857
31 859
31 883
31 886
31 892
31 900
31 958
32 38
32 41
32 46
32 51
32 57
32 69
32 90
32 102
32 104
32 105
32 113
32 115
32 134
32 137
32 144
32 146
32 151
32 161
32 163
32 167
32 176
32 179
32 181
32 188
32 189
32 197
32 202
32 228
32 256
32 289
32 293
32 313
32 319
32 327
32 340
32 345
32 347
32 405
32 415
32 440
32 465
32 468
32 478
32 496
32 497
32 517
32 530
32 599
32 606
32 609
32 619
32 622
32 634
32 639
32 660
32 680
32 762
32 768
32 821
32 829
32 832
32 844
32 875
32 935
32 940
32 964
32 981
33 38
33 39
33 40
33 43
33 47
33 52
33 63
33 64
33 68
33 121
33 144
33 149
33 150
33 152
33 191
33 193
33 195
33 202
33 206
33 250
33 267
33 271
33 287
33 297
33 306
33 310
33 315
33 316
33 337
33 377
33 389
33 415
33 424
33 428
33 454
33 476
33 500
33 503
33 508
33 526
33 530
33 537
33 559
33 562
33 610
33 660
33 673
33 690
33 696
33 708
33 718
33 764
33 787
33 828
33 840
33 882
33 888
33 908
33 948
34 35
34 48
34 57
34 60
34 65
34 74
34 85
34 89
34 93
34 103
34 104
34 110
34 134
34 137
34 145
34 149
34 163
34 172
34 178
34 192
34 196
34 201
34 221
34 223
34 258
34 289
34 291
34 296
34 299
34 304
34 338
34 362
34 364
34 381
34 409
34 436
34 441
34 478
34 497
34 531
34 547
34 562
34 565
34 579
34 627
34 707
34 709
34 725
34 729
34 738
34 747
34 789
34 790
34 872
34 907
34 967
34 968
34 980
35 36
35 37
35 40
35 55
35 59
35 60
35 76
35 89
35 92
35 98
35 104
35 105
35 113
35 126
35 136
35 137
35 149
35 164
35 169
35 176
35 191
35 194
35 215
35 228
35 238
35 269
35 270
35 288
35 293
35 296
35 321
35 328
35 332
35 340
35 358
35 401
35 422
35 423
35 435
35 441
35 445
35 490
35 491
35 526
35 555
35 561
35 563
35 574
35 602
35 614
35 637
35 653
35 670
35 702
35 704
35 765
35 824
35 964
35 987
36 56
36 58
36 59
36 78
36 96
36 98
36 116
36 152
36 178
36 189
36 190
36 196
36 198
36 217
36 233
36 280
36 289
36 293
36 313
36 344
36 354
36 359
36 416
36 457
36 480
36 483
36 546
36 566
36 605
36 637
36 845
36 849
36 901
36 951
36 960
36 967
36 968
37 52
37 55
37 81
37 82
37 83
37 84
37 95
37 102
37 107
37 113
37 119
37 120
37 133
37 138
37 144
37 147
37 148
37 153
37 160
37 170
37 174
37 179
37 194
37 222
37 227
37 249
37 254
37 293
37 300
37 311
37 323
37 330
37 333
37 338
37 340
37 379
37 410
37 442
37 497
37 510
37 563
37 575
37 578
37 607
37 638
37 668
37 683
37 692
37 789
37 795
37 806
37 861
37 942
37 962
37 969
37 989
38 39
38 41
38 47
38 57
38 70
38 85
38 99
38 125
38 129
38 130
38 135
38 139
38 164
38 168
38 169
38 178
38 193
38 227
38 234
38 244
38 255
38 261
38 268
38 273
38 274
38 276
38 325
38 334
38 367
38 379
38 400
38 406
38 408
38 494
38 519
38 574
38 587
38 614
38 684
38 686
38 694
38 722
38 856
38 894
38 928
38 946
38 992
39 41
39 49
39 62
39 64
39 90
39 91
39 109
39 111
39 120
39 144
39 184
39 189
39 190
39 192
39 210
39 230
39 247
39 272
39 279
39 282
39 294
39 358
39 367
39 403
39 421
39 432
39 445
39 503
39 510
39 522
39 544
39 564
39 609
39 678
39 685
39 695
39 714
39 723
39 738
39 751
39 792
39 871
39 882
39 962
39 990
39 998
40 43
40 48
40 56
40 90
40 91
40 144
40 163
40 166
40 195
40 198
40 200
40 209
40 211
40 237
40 241
40 254
40 258
40 276
40 280
40 286
40 292
40 303
40 305
40 314
40 317
40 349
40 353
40 366
40 368
40 374
40 380
40 397
40 430
40 437
40 438
40 461
40 499
40 500
40 545
40 552
40 557
40 564
40 569
40 595
40 596
40 610
40 625
40 643
40 674
40 682
40 701
40 703
40 709
40 736
40 785
40 814
40 817
40 844
40 845
40 855
40 872
40 898
40 908
40 913
40 916
40 930
40 931
40 941
40 955
40 977
40 982
40 985
41 45
41 62
41 73
41 126
41 149
41 156
41 166
41 167
41 174
41 179
41 184
41 189
41 199
41 211
41 267
41 302
41 304
41 335
41 411
41 420
41 443
41 474
41 526
41 531
41 546
41 548
41 583
41 659
41 666
41 687
41 763
41 775
41 797
41 837
41 838
41 873
41 953
41 979
42 56
42 63
42 66
42 69
42 81
42 83
42 91
42 102
42 107
42 149
42 173
42 174
42 194
42 198
42 250
42 280
42 316
42 344
42 373
42 376
42 393
42 432
42 437
42 467
42 476
42 539
42 618
42 625
42 627
42 853
42 891
42 906
42 926
42 935
42 936
42 977
42 993
43 44
43 50
43 51
43 52
43 58
43 59
43 63
43 65
43 90
43 93
43 94
43 99
43 119
43 122
43 129
43 130
43 139
43 171
43 180
43 189
43 193
43 209
43 231
43 235
43 253
43 270
43 276
43 285
43 295
43 311
43 313
43 317
43 328
43 339
43 370
43 374
43 382
43 394
43 405
43 462
43 468
43 485
43 506
43 535
43 543
43 545
43 556
43 568
43 576
43 588
43 592
43 598
43 604
43 605
43 613
43 621
43 625
43 695
43 696
43 711
43 740
43 762
43 774
43 809
43 811
43 826
43 857
43 921
43 990
44 46
44 47
44 69
44 70
44 71
44 81
44 99
44 100
44 101
44 115
44 116
44 117
44 120
44 121
44 122
44 126
44 134
44 153
44 176
44 179
44 187
44 189
44 199
44 210
44 229
44 251
44 257
44 261
44 270
44 284
44 286
44 293
44 301
44 303
44 306
44 345
44 365
44 382
44 387
44 414
44 417
44 420
44 425
44 436
44 453
44 471
44 473
44 533
44 545
44 555
44 565
44 608
44 615
44 617
44 660
44 688
44 723
44 728
44 749
44 777
44 783
44 801
44 848
44 850
44 900
44 910
44 971
45 47
45 52
45 73
45 87
45 125
45 133
45 138
45 153
45 216
45 223
45 224
45 236
45 241
45 245
45 256
45 401
45 426
45 442
45 462
45 600
45 615
45 693
45 753
45 759
45 764
45 800
45 804
45 821
45 853
45 884
45 887
45 919
45 977
46 50
46 51
46 56
46 117
46 130
46 135
46 152
46 158
46 167
46 179
46 182
46 191
46 204
46 232
46 235
46 266
46 303
46 325
46 405
46 410
46 415
46 419
46 429
46 443
46 466
46 506
46 721
46 724
46 733
46 771
46 792
46 819
46 878
47 53
47 61
47 72
47 78
47 112
47 116
47 183
47 193
47 206
47 210
47 255
47 256
47 258
47 280
47 308
47 334
47 363
47 378
47 457
47 470
47 489
47 579
47 589
47 597
47 632
47 648
47 649
47 652
47 657
47 661
47 673
47 727
47 749
47 810
47 886
47 927
47 947
48 57
48 61
48 86
48 101
48 108
48 138
48 139
48 151
48 160
48 175
48 233
48 264
48 289
48 294
48 323
48 339
48 341
48 363
48 370
48 446
48 458
48 489
48 556
48 604
48 606
48 631
48 675
48 745
48 777
48 879
48 899
48 922
48 932
48 970
49 58
49 76
49 85
49 95
49 123
49 130
49 133
49 172
49 205
49 222
49 246
49 259
49 367
49 461
49 566
49 581
49 620
49 676
49 712
49 721
49 723
49 762
49 968
50 52
50 64
50 75
50 103
50 106
50 110
50 111
50 115
50 125
50 129
50 156
50 157
50 162
50 164
50 169
50 172
50 179
50 185
50 200
50 205
50 209
50 210
50 211
50 221
50 231
50 237
50 300
50 346
50 353
50 394
50 396
50 452
50 483
50 484
50 527
50 529
50 542
50 549
50 551
50 558
50 568
50 572
50 587
50 590
50 598
50 611
50 619
50 623
50 631
50 645
50 708
50 786
50 803
50 818
50 823
50 829
50 846
50 896
50 920
50 925
50 984
50 994
50 996
51 52
51 60
51 80
51 87
51 141
51 148
51 166
51 175
51 194
51 202
51 207
51 217
51 234
51 244
51 249
51 317
51 327
51 330
51 368
51 471
51 477
51 544
51 600
51 659
51 698
51 705
51 739
51 746
51 818
51 950
51 970
52 53
52 63
52 65
52 71
52 84
52 97
52 109
52 110
52 112
52 116
52 128
52 139
52 143
52 167
52 174
52 188
52 192
52 215
52 245
52 291
52 334
52 341
52 363
52 369
52 393
52 402
52 454
52 502
52 675
52 688
52 693
52 704
52 770
52 802
52 825
52 854
52 875
52 921
52 981
53 55
53 62
53 69
53 73
53 77
53 106
53 108
53 138
53 149
53 152
53 166
53 168
53 171
53 188
53 191
53 204
53 224
53 228
53 251
53 266
53 267
53 303
53 308
53 321
53 329
53 333
53 359
53 389
53 429
53 441
53 446
53 498
53 501
53 504
53 616
53 640
53 662
53 692
53 734
53 786
53 801
53 815
53 816
53 833
53 839
53 861
53 877
53 982
54 55
54 88
54 111
54 114
54 124
54 127
54 129
54 145
54 185
54 200
54 233
54 257
54 300
54 338
54 351
54 357
54 370
54 455
54 558
54 693
54 742
54 794
54 836
54 966
54 974
55 64
55 66
55 78
55 84
55 103
55 104
55 107
55 119
55 124
55 142
55 148
55 149
55 159
55 166
55 174
55 177
55 180
55 202
55 203
55 213
55 215
55 233
55 258
55 266
55 268
55 296
55 334
55 342
55 351
55 355
55 367
55 372
55 382
55 437
55 460
55 494
55 515
55 555
55 560
55 570
55 661
55 699
55 719
55 809
55 841
55 854
55 856
55 859
55 905
55 916
56 62
56 69
56 78
56 80
56 81
56 85
56 89
56 105
56 109
56 127
56 144
56 148
56 162
56 168
56 173
56 216
56 230
56 254
56 269
56 277
56 302
56 321
56 322
56 358
56 379
56 381
56 393
56 396
56 411
56 480
56 515
56 529
56 538
56 540
56 571
56 583
56 587
56 592
56 609
56 617
56 627
56 628
56 630
56 635
56 648
56 668
56 718
56 736
56 763
56 772
56 775
56 863
56 903
56 905
56 935
57 64
57 85
57 101
57 112
57 116
57 119
57 121
57 122
57 153
57 203
57 205
57 224
57 227
57 239
57 267
57 271
57 273
57 278
57 325
57 329
57 333
57 411
57 444
57 449
57 504
57 512
57 523
57 533
57 542
57 555
57 571
57 603
57 620
57 623
57 665
57 706
57 819
58 70
58 88
58 94
58 121
58 122
58 126
58 186
58 213
58 231
58 234
58 235
58 300
58 314
58 349
58 385
58 414
58 417
58 487
58 490
58 523
58 558
58 586
58 666
58 677
58 697
58 724
58 766
58 780
58 820
58 843
58 858
58 913
58 943
58 953
59 67
59 72
59 79
59 86
59 98
59 102
59 138
59 144
59 145
59 174
59 213
59 220
59 225
59 234
59 275
59 288
59 300
59 306
59 307
59 328
59 354
59 357
59 360
59 372
59 386
59 465
59 480
59 564
59 589
59 637
59 663
59 693
59 705
59 727
59 775
59 780
59 786
59 837
59 842
59 845
59 941
60 69
60 70
60 76
60 80
60 82
60 106
60 115
60 129
60 153
60 159
60 177
60 213
60 248
60 253
60 404
60 414
60 415
60 418
60 440
60 446
60 469
60 478
60 505
60 558
60 571
60 582
60 608
60 642
60 714
60 742
60 762
60 778
60 794
60 819
60 934
60 945
60 957
60 958
60 973
61 134
61 136
61 150
61 170
61 225
61 227
61 263
61 289
61 320
61 359
61 417
61 447
61 524
61 530
61 666
61 719
61 723
61 749
61 769
61 782
61 799
61 882
61 913
61 942
62 84
62 94
62 104
62 125
62 133
62 264
62 650
62 690
62 736
62 766
62 769
62 784
62 829
62 950
62 995
63 64
63 81
63 92
63 95
63 136
63 193
63 284
63 288
63 295
63 452
63 459
63 494
63 550
63 595
63 675
63 942
63 972
63 996
63 998
64 65
64 72
64 82
64 83
64 93
64 96
64 132
64 140
64 152
64 162
64 175
64 209
64 270
64 305
64 343
64 385
64 386
64 507
64 511
64 572
64 574
64 611
64 672
64 698
64 746
64 793
64 867
64 880
64 998
65 80
65 88
65 93
65 155
65 159
65 184
65 190
65 207
65 214
65 222
65 259
65 285
65 290
65 325
65 329
65 330
65 336
65 365
65 413
65 429
65 486
65 497
65 501
65 506
65 534
65 559
65 580
65 581
65 605
65 707
65 708
65 727
65 783
65 859
65 868
65 899
65 914
65 925
65 977
66 68
66 98
66 108
66 126
66 168
66 236
66 243
66 306
66 371
66 403
66 496
66 524
66 745
66 752
66 753
66 837
66 847
66 907
66 908
66 923
67 70
67 72
67 87
67 114
67 119
67 125
67 140
67 145
67 179
67 205
67 269
67 285
67 325
67 339
67 370
67 381
67 392
67 482
67 532
67 578
67 616
67 633
67 678
67 679
67 748
67 818
67 840
67 893
67 996
68 88
68 95
68 101
68 111
68 122
68 124
68 141
68 147
68 152
68 202
68 207
68 209
68 219
68 221
68 225
68 230
68 243
68 270
68 295
68 297
68 335
68 341
68 348
68 359
68 390
68 398
68 400
68 421
68 424
68 435
68 438
68 456
68 461
68 466
68 506
68 509
68 556
68 588
68 613
68 640
68 646
68 657
68 674
68 702
68 732
68 748
68 779
68 846
68 912
68 923
68 927
68 978
68 982
68 997
69 81
69 96
69 100
69 115
69 168
69 177
69 229
69 258
69 264
69 353
69 414
69 441
69 456
69 507
69 542
69 554
69 574
69 586
69 636
69 640
69 666
69 667
69 778
69 849
69 965
70 123
70 126
70 130
70 140
70 144
70 198
70 287
70 310
70 385
70 466
70 534
70 651
70 658
70 681
70 807
70 992
71 78
71 79
71 86
71 113
71 146
71 203
71 204
71 249
71 269
71 286
71 314
71 318
71 342
71 346
71 369
71 373
71 380
71 387
71 396
71 429
71 431
71 439
71 446
71 452
71 463
71 471
71 477
71 483
71 511
71 551
71 582
71 586
71 588
71 624
71 641
71 701
71 753
71 762
71 832
71 869
71 905
71 960
72 85
72 90
72 128
72 129
72 135
72 163
72 170
72 205
72 206
72 241
72 287
72 292
72 312
72 328
72 360
72 363
72 390
72 409
72 431
72 441
72 444
72 445
72 479
72 541
72 557
72 564
72 625
72 641
72 715
72 791
72 805
72 835
72 852
72 867
72 878
72 891
72 929
72 939
73 100
73 187
73 195
73 202
73 244
73 278
73 300
73 331
73 384
73 401
73 449
73 454
73 457
73 492
73 493
73 501
73 510
73 610
73 614
73 632
73 684
73 766
73 788
73 807
73 837
73 929
73 941
73 957
73 985
74 93
74 95
74 118
74 127
74 131
74 191
74 220
74 238
74 329
74 365
74 397
74 419
74 459
74 472
74 488
74 505
74 511
74 525
74 553
74 601
74 740
74 799
74 886
74 922
75 77
75 78
75 79
75 88
75 89
75 92
75 97
75 147
75 172
75 224
75 267
75 271
75 281
75 341
75 346
75 386
75 399
75 425
75 434
75 452
75 484
75 492
75 527
75 657
75 689
75 702
75 730
75 732
75 747
75 788
75 821
75 865
75 878
75 894
75 945
76 98
76 112
76 136
76 154
76 199
76 215
76 231
76 241
76 333
76 365
76 399
76 541
76 613
76 628
76 629
76 647
76 793
76 810
76 831
76 870
76 898
77 79
77 92
77 94
77 97
77 112
77 167
77 180
77 207
77 216
77 217
77 236
77 238
77 240
77 250
77 254
77 263
77 399
77 429
77 446
77 548
77 570
77 712
77 784
77 931
77 947
78 99
78 103
78 229
78 284
78 300
78 301
78 341
78 354
78 384
78 387
78 399
78 408
78 452
78 467
78 697
78 844
79 83
79 88
79 98
79 99
79 132
79 146
79 151
79 165
79 245
79 408
79 467
79 513
79 593
79 627
79 708
79 767
79 843
79 901
79 960
79 991
80 118
80 129
80 137
80 156
80 172
80 192
80 203
80 206
80 213
80 275
80 336
80 337
80 370
80 393
80 394
80 413
80 416
80 420
80 437
80 462
80 468
80 476
80 480
80 481
80 494
80 509
80 541
80 564
80 585
80 612
80 811
80 853
80 903
81 94
81 155
81 201
81 208
81 230
81 249
81 254
81 310
81 313
81 513
81 518
81 551
81 554
81 608
81 615
81 638
81 731
81 733
81 839
81 841
81 920
81 933
82 91
82 101
82 114
82 120
82 121
82 128
82 180
82 206
82 308
82 387
82 397
82 411
82 449
82 522
82 533
82 741
82 846
82 895
82 899
82 923
82 975
83 87
83 99
83 102
83 117
83 132
83 150
83 190
83 191
83 240
83 316
83 368
83 380
83 396
83 515
83 523
83 554
83 589
83 662
83 719
83 845
83 870
83 871
83 956
83 957
83 963
83 968
83 995
84 147
84 181
84 273
84 304
84 353
84 382
84 521
84 536
84 609
84 652
84 802
84 808
84 852
84 856
84 874
84 943
84 965
84 976
84 978
84 990
85 94
85 103
85 107
85 113
85 120
85 123
85 131
85 157
85 187
85 210
85 224
85 232
85 246
85 264
85 277
85 281
85 321
85 333
85 337
85 347
85 375
85 387
85 395
85 427
85 432
85 440
85 447
85 534
85 584
85 648
85 659
85 663
85 729
85 737
85 774
85 857
85 872
85 879
85 906
86 89
86 99
86 127
86 143
86 159
86 174
86 192
86 218
86 232
86 240
86 261
86 265
86 312
86 335
86 353
86 370
86 396
86 401
86 402
86 407
86 443
86 453
86 467
86 488
86 495
86 508
86 549
86 575
86 627
86 792
86 854
86 855
86 862
86 884
86 898
86 904
86 905
86 911
87 110
87 118
87 135
87 147
87 152
87 215
87 244
87 252
87 265
87 276
87 326
87 347
87 380
87 425
87 428
87 435
87 485
87 658
87 674
87 682
87 796
87 889
87 893
87 944
88 100
88 119
88 124
88 144
88 194
88 199
88 207
88 282
88 290
88 401
88 421
88 435
88 537
88 552
88 562
88 649
88 876
88 985
89 99
89 108
89 110
89 127
89 132
89 150
89 151
89 159
89 162
89 207
89 218
89 219
89 227
89 233
89 253
89 273
89 281
89 350
89 356
89 367
89 369
89 419
89 483
89 486
89 496
89 505
89 510
89 555
89 569
89 579
89 595
89 597
89 638
89 677
89 696
89 710
89 739
89 810
89 827
89 861
89 864
89 886
89 903
89 956
89 963
90 117
90 121
90 123
90 145
90 160
90 209
90 229
90 240
90 243
90 261
90 269
90 286
90 301
90 306
90 427
90 450
90 454
90 470
90 472
90 498
90 550
90 558
90 602
90 646
90 688
90 765
90 791
90 871
90 895
90 954
90 978
90 999
91 115
91 154
91 174
91 188
91 206
91 234
91 244
91 265
91 297
91 328
91 359
91 372
91 395
91 397
91 512
91 527
91 635
91 656
91 662
91 715
91 752
91 888
91 947
92 105
92 108
92 139
92 141
92 171
92 206
92 229
92 318
92 336
92 343
92 519
92 546
92 604
92 680
92 699
92 776
92 801
92 812
92 970
93 158
93 196
93 198
93 213
93 221
93 234
93 253
93 257
93 278
93 279
93 304
93 332
93 406
93 416
93 420
93 438
93 458
93 486
93 497
93 539
93 632
93 639
93 658
93 665
93 790
93 811
93 865
93 867
93 886
93 959
93 991
93 993
94 119
94 146
94 175
94 214
94 233
94 242
94 268
94 301
94 302
94 357
94 361
94 422
94 435
94 631
94 691
94 742
94 807
94 910
94 931
94 944
94 969
95 102
95 103
95 114
95 167
95 191
95 218
95 219
95 249
95 253
95 270
95 303
95 305
95 314
95 349
95 357
95 361
95 364
95 367
95 410
95 424
95 441
95 473
95 483
95 513
95 540
95 710
95 781
95 795
95 825
95 837
95 884
95 936
96 100
96 102
96 146
96 278
96 279
96 290
96 294
96 451
96 488
96 523
96 598
96 661
96 757
96 797
96 856
96 874
97 105
97 117
97 124
97 126
97 132
97 142
97 156
97 157
97 214
97 249
97 278
97 289
97 294
97 306
97 319
97 345
97 350
97 354
97 370
97 393
97 406
97 423
97 426
97 443
97 491
97 495
97 535
97 553
97 569
97 584
97 597
97 675
97 734
97 743
97 769
97 789
97 809
97 830
97 836
97 880
97 898
97 942
97 967
98 253
98 296
98 320
98 424
98 464
98 524
98 547
98 593
98 902
98 914
98 983
99 183
99 196
99 217
99 319
99 344
99 347
99 352
99 524
99 554
99 559
99 566
99 588
99 734
99 757
99 762
99 773
99 791
99 915
99 994
99 999
100 158
100 178
100 223
100 230
100 236
100 275
100 322
100 386
100 391
100 460
100 514
100 582
100 604
100 645
100 716
100 726
100 826
100 860
100 894
101 107
101 160
101 161
101 168
101 203
101 224
101 226
101 257
101 305
101 358
101 407
101 482
101 548
101 578
101 583
101 682
101 701
101 751
101 813
101 969
101 997
102 105
102 111
102 131
102 136
102 137
102 146
102 155
102 195
102 204
102 256
102 272
102 319
102 343
102 383
102 389
102 416
102 479
102 499
102 502
102 532
102 533
102 547
102 592
102 599
102 607
102 614
102 618
102 649
102 725
102 951
103 111
103 133
103 155
103 176
103 180
103 201
103 288
103 319
103 366
103 408
103 431
103 472
103 526
103 543
103 557
103 596
103 604
103 665
103 678
103 688
103 703
103 718
103 760
103 765
103 806
103 820
103 947
104 122
104 153
104 172
104 229
104 318
104 320
104 321
104 353
104 435
104 569
104 578
104 655
104 679
104 754
104 826
104 832
104 890
104 969
104 989
104 993
105 110
105 122
105 149
105 156
105 158
105 186
105 202
105 203
105 208
105 216
105 218
105 226
105 235
105 251
105 271
105 286
105 290
105 293
105 308
105 342
105 357
105 362
105 376
105 386
105 391
105 402
105 404
105 422
105 472
105 519
105 548
105 566
105 570
105 594
105 624
105 636
105 638
105 699
105 755
105 758
105 802
105 805
105 816
105 835
105 853
105 861
105 904
105 922
105 959
105 976
105 993
106 141
106 240
106 246
106 269
106 297
106 301
106 322
106 327
106 378
106 463
106 499
106 504
106 537
106 544
106 597
106 683
106 772
106 843
106 881
106 909
107 132
107 165
107 185
107 242
107 261
107 268
107 285
107 310
107 314
107 371
107 403
107 581
107 600
107 616
107 776
107 930
107 977
108 121
108 170
108 182
108 183
108 214
108 242
108 285
108 309
108 326
108 459
108 526
108 572
108 693
108 707
108 713
108 741
108 800
108 802
108 955
108 995
109 163
109 164
109 171
109 181
109 214
109 291
109 325
109 406
109 439
109 490
109 563
109 653
109 667
109 683
109 847
109 921
110 169
110 176
110 201
110 247
110 249
110 274
110 283
110 298
110 303
110 313
110 324
110 348
110 381
110 436
110 438
110 461
110 481
110 566
110 573
110 689
110 724
110 776
110 795
110 923
110 948
110 996
111 150
111 172
111 178
111 189
111 219
111 238
111 314
111 329
111 342
111 354
111 511
111 518
111 533
111 575
111 586
111 677
111 698
111 788
111 879
111 949
112 114
112 157
112 188
112 318
112 345
112 548
112 849
113 124
113 126
113 141
113 153
113 186
113 195
113 279
113 282
113 369
113 415
113 426
113 481
113 510
113 546
113 550
113 576
113 587
113 640
113 656
113 667
113 732
113 806
113 883
113 917
113 986
113 998
114 132
114 142
114 149
114 154
114 163
114 164
114 176
114 184
114 232
114 297
114 328
114 336
114 367
114 372
114 378
114 413
114 439
114 448
114 452
114 470
114 478
114 717
114 743
114 768
114 879
114 884
115 130
115 135
115 146
115 147
115 221
115 300
115 301
115 302
115 334
115 346
115 362
115 364
115 373
115 451
115 455
115 474
115 488
115 517
115 584
115 660
115 728
115 767
115 820
116 154
116 157
116 160
116 170
116 200
116 279
116 280
116 333
116 366
116 506
116 511
116 538
116 647
116 684
116 778
116 799
116 974
117 133
117 136
117 139
117 143
117 148
117 151
117 153
117 154
117 181
117 183
117 195
117 257
117 262
117 307
117 309
117 348
117 349
117 565
117 720
117 742
117 745
117 774
117 803
117 827
117 836
117 934
117 969
118 120
118 121
118 301
118 418
118 463
118 576
118 685
118 810
119 139
119 147
119 150
119 151
119 189
119 200
119 259
119 491
119 571
119 639
119 704
119 793
119 827
119 925
120 143
120 245
120 292
120 297
120 427
120 456
120 475
120 506
120 573
120 661
120 667
120 685
120 778
120 821
120 949
121 133
121 134
121 146
121 162
121 209
121 255
121 265
121 307
121 322
121 332
121 340
121 349
121 357
121 382
121 406
121 413
121 453
121 471
121 502
121 516
121 545
121 549
121 602
121 624
121 625
121 646
121 694
121 713
121 757
121 774
121 780
121 909
121 929
121 938
122 125
122 165
122 185
122 219
122 243
122 271
122 282
122 298
122 324
122 413
122 437
122 445
122 480
122 505
122 542
122 566
122 577
122 624
122 694
122 937
122 993
123 145
123 158
123 164
123 201
123 223
123 226
123 235
123 284
123 330
123 337
123 362
123 369
123 395
123 460
123 562
123 576
123 632
123 692
123 744
123 782
123 822
123 854
123 857
123 938
124 139
124 161
124 218
124 280
124 318
124 331
124 346
124 388
124 520
124 618
124 911
124 937
124 966
125 130
125 133
125 140
125 141
125 142
125 160
125 208
125 275
125 349
125 355
125 403
125 476
125 488
125 504
125 538
125 569
125 728
125 735
125 762
125 828
125 830
125 839
125 851
125 902
125 969
126 131
126 135
126 175
126 182
126 256
126 264
126 271
126 279
126 282
126 332
126 335
126 341
126 473
126 555
126 621
126 664
126 769
126 803
126 844
126 947
126 958
127 140
127 156
127 183
127 224
127 238
127 295
127 296
127 323
127 331
127 348
127 363
127 404
127 512
127 525
127 606
127 626
127 652
127 879
127 885
127 926
127 950
128 168
128 218
128 236
128 245
128 298
128 408
128 426
128 454
128 571
128 579
128 621
128 720
128 857
128 971
129 184
129 190
129 204
129 214
129 288
129 337
129 374
129 383
129 416
129 419
129 433
129 499
129 512
129 850
129 890
129 943
130 210
130 219
130 287
130 313
130 314
130 404
130 435
130 439
130 507
130 510
130 527
130 617
130 626
130 636
130 638
130 645
130 670
130 736
130 751
130 752
130 796
130 824
130 925
131 173
131 193
131 205
131 222
131 258
131 277
131 283
131 300
131 308
131 312
131 315
131 346
131 372
131 462
131 529
131 544
131 616
131 665
131 728
131 762
131 764
131 862
131 905
131 974
132 147
132 205
132 266
132 373
132 397
132 431
132 511
132 524
132 568
132 581
132 585
132 773
132 833
132 932
133 155
133 171
133 335
133 471
133 490
133 493
133 608
133 665
133 671
133 795
133 829
133 832
133 834
133 865
133 933
133 938
133 954
134 148
134 166
134 192
134 206
134 217
134 223
134 238
134 246
134 389
134 448
134 464
134 568
134 768
134 886
134 899
134 903
135 147
135 204
135 233
135 240
135 252
135 289
135 429
135 447
135 504
135 593
135 628
135 733
135 754
135 813
135 878
135 893
135 894
135 994
136 175
136 226
136 231
136 332
136 431
136 511
136 627
136 742
136 800
136 871
136 936
137 170
137 196
137 211
137 395
137 444
137 500
137 503
137 516
137 547
137 560
137 593
137 665
137 672
137 712
137 714
137 772
137 814
137 852
137 911
137 945
137 950
138 143
138 182
138 195
138 288
138 346
138 350
138 383
138 392
138 478
138 515
138 634
138 749
138 760
138 796
138 814
138 828
138 891
138 905
138 912
139 158
139 198
139 295
139 302
139 428
139 473
139 495
139 586
139 604
139 668
139 692
139 934
139 954
139 959
140 141
140 143
140 182
140 187
140 201
140 237
140 254
140 259
140 278
140 314
140 356
140 397
140 603
140 755
140 943
141 166
141 223
141 373
141 400
141 438
141 459
141 492
141 558
141 560
141 635
141 653
141 663
141 738
141 746
141 806
141 995
142 171
142 307
142 323
142 334
142 338
142 355
142 531
142 540
142 724
142 862
142 965
143 162
143 199
143 222
143 319
143 390
143 440
143 532
143 542
143 645
144 159
144 181
144 193
144 236
144 256
144 311
144 327
144 328
144 357
144 363
144 397
144 422
144 436
144 471
144 474
144 509
144 530
144 575
144 589
144 597
144 598
144 641
144 652
144 706
144 732
144 825
144 841
144 923
144 926
144 975
145 208
145 215
145 285
145 289
145 338
145 377
145 424
145 428
145 439
145 443
145 490
145 533
145 637
145 710
145 914
145 979
145 984
146 158
146 167
146 173
146 207
146 216
146 291
146 366
146 390
146 436
146 440
146 486
146 580
146 678
146 680
146 929
146 966
147 164
147 177
147 198
147 216
147 248
147 531
147 563
147 784
147 816
147 933
147 998
148 182
148 260
148 294
148 306
148 329
148 433
148 502
148 548
148 834
148 902
148 962
148 974
149 184
149 267
149 311
149 434
149 477
149 524
149 540
149 553
149 684
149 719
149 774
149 982
149 992
150 172
150 209
150 425
150 440
150 607
150 917
150 930
150 938
150 964
151 199
151 284
151 368
151 374
151 458
151 549
151 556
151 593
151 609
151 617
151 754
151 766
151 769
151 845
151 860
151 951
152 169
152 181
152 238
152 245
152 253
152 342
152 386
152 419
152 514
152 515
152 555
152 578
152 772
152 910
152 958
153 182
153 189
153 191
153 230
153 242
153 247
153 324
153 330
153 383
153 435
153 450
153 485
153 501
153 503
153 514
153 518
153 579
153 586
153 598
153 601
153 654
153 660
153 671
153 696
153 713
153 801
153 860
153 940
154 226
154 257
154 310
154 331
154 332
154 333
154 446
154 462
154 518
154 521
154 529
154 549
154 600
154 607
154 639
154 652
154 676
154 914
154 965
154 992
155 174
155 185
155 263
155 265
155 278
155 311
155 338
155 368
155 409
155 577
155 606
155 773
155 878
156 220
156 225
156 228
156 348
156 460
156 491
156 559
156 659
156 785
156 934
157 197
157 292
157 293
157 305
157 348
157 356
157 509
157 571
157 768
157 807
157 847
158 178
158 246
158 247
158 280
158 281
158 344
158 371
158 385
158 395
158 472
158 568
158 570
158 640
158 716
158 995
159 169
159 212
159 318
159 374
159 377
159 382
159 436
159 454
159 524
159 536
159 818
159 919
160 196
160 236
160 328
160 330
160 331
160 365
160 368
160 413
160 423
160 478
160 603
160 616
160 627
160 633
160 682
160 723
160 751
160 801
160 918
161 192
161 269
161 358
161 388
161 410
161 411
161 599
161 698
161 700
161 744
161 782
162 205
162 247
162 248
162 298
162 345
162 455
162 510
162 512
162 667
162 888
163 165
163 234
163 248
163 251
163 262
163 282
163 327
163 362
163 364
163 383
163 389
163 468
163 489
163 508
163 509
163 517
163 522
163 551
163 587
163 616
163 630
163 690
163 731
163 751
163 774
163 786
163 805
163 812
163 821
163 949
163 952
163 965
164 165
164 170
164 173
164 175
164 213
164 228
164 271
164 283
164 298
164 392
164 490
164 491
164 526
164 581
164 610
164 670
164 746
164 797
164 830
164 900
164 901
164 940
164 959
165 227
165 371
165 461
165 480
165 729
165 744
165 788
166 182
166 185
166 234
166 243
166 343
166 378
166 379
166 449
166 496
166 509
166 606
166 652
166 657
166 739
166 798
166 818
166 847
166 853
166 988
166 994
167 179
167 186
167 188
167 247
167 252
167 431
167 437
167 452
167 481
167 633
167 663
167 671
167 795
167 858
167 922
167 997
168 215
168 254
168 261
168 267
168 268
168 281
168 303
168 316
168 377
168 409
168 414
168 433
168 472
168 521
168 549
168 610
168 623
168 638
168 686
168 706
168 711
168 748
168 764
168 787
168 796
168 924
169 239
169 288
169 561
169 622
169 892
169 952
170 259
170 353
170 371
170 439
170 455
170 514
170 565
170 741
170 773
170 825
170 990
171 172
171 186
171 190
171 207
171 272
171 301
171 363
171 364
171 376
171 400
171 404
171 455
171 549
171 578
171 606
171 623
171 658
171 661
171 713
171 715
171 790
171 916
171 925
171 951
172 175
172 177
172 184
172 264
172 322
172 345
172 411
172 477
172 593
172 831
172 948
173 182
173 294
173 299
173 305
173 398
173 402
173 405
173 407
173 440
173 445
173 556
173 599
173 721
173 735
173 816
173 841
173 863
174 186
174 244
174 251
174 279
174 282
174 353
174 360
174 534
174 630
174 702
174 740
174 780
174 793
174 909
175 217
175 223
175 237
175 320
175 371
175 404
175 493
175 616
175 690
175 737
175 744
175 764
175 810
175 831
175 846
175 863
175 912
175 976
176 228
176 254
176 266
176 349
176 493
176 527
176 546
176 563
176 591
176 766
176 816
176 939
176 965
177 233
177 249
177 378
177 434
177 850
178 183
178 199
178 204
178 216
178 224
178 243
178 416
178 643
178 760
178 817
178 865
178 962
179 201
179 214
179 224
179 237
179 239
179 350
179 398
179 432
179 479
179 526
179 599
179 674
179 678
179 828
179 870
179 991
180 199
180 285
180 297
180 298
180 306
180 359
180 390
180 410
180 422
180 463
180 501
180 531
180 600
180 650
180 661
180 669
180 685
180 694
180 697
180 770
180 777
180 825
180 844
180 856
181 198
181 206
181 220
181 240
181 305
181 356
181 398
181 407
181 421
181 438
181 771
181 867
181 872
182 216
182 226
182 233
182 325
182 326
182 448
182 515
182 647
182 726
182 743
182 832
182 836
182 895
183 190
183 203
183 210
183 226
183 227
183 257
183 260
183 309
183 337
183 412
183 476
183 483
183 494
183 664
184 197
184 279
184 316
184 361
184 452
184 562
184 564
184 647
185 202
185 246
185 254
185 313
185 315
185 419
185 432
185 472
185 994
186 194
186 195
186 210
186 211
186 220
186 221
186 225
186 294
186 323
186 428
186 539
186 544
186 642
186 667
186 762
186 833
186 851
186 864
186 941
186 986
187 213
187 217
187 231
187 242
187 299
187 386
187 396
187 430
187 474
187 572
187 582
187 605
187 790
188 256
188 263
188 276
188 278
188 283
188 298
188 299
188 338
188 385
188 419
188 421
188 443
188 497
188 498
188 595
188 654
188 757
188 801
188 865
188 906
188 952
189 307
189 326
189 473
189 507
189 634
189 645
189 820
189 882
189 885
190 266
190 333
190 394
190 402
190 575
190 592
190 598
190 798
191 259
191 480
191 486
191 686
191 697
191 786
191 789
191 791
191 851
191 853
192 252
192 281
192 284
192 297
192 345
192 358
192 377
192 382
192 389
192 414
192 430
192 630
192 671
192 711
192 725
192 738
193 214
193 282
193 286
193 464
193 493
193 547
193 598
193 612
193 650
193 653
193 772
193 889
193 962
194 203
194 229
194 343
194 402
194 566
194 618
194 624
194 666
194 716
194 874
194 913
194 972
195 197
195 215
195 219
195 321
195 376
195 485
195 508
195 647
195 718
196 420
196 430
196 479
196 896
197 212
197 338
197 344
197 539
197 619
197 687
197 720
197 760
197 769
197 791
197 818
197 830
197 884
198 247
198 258
198 433
198 569
198 585
198 935
198 985
199 212
199 248
199 332
199 335
199 339
199 341
199 380
199 442
199 466
199 642
199 718
199 797
199 842
199 861
199 873
200 250
200 262
200 310
200 347
200 356
200 422
200 484
200 486
200 810
200 842
200 891
200 934
200 991
201 223
201 226
201 283
201 290
201 453
201 613
201 823
201 864
201 904
201 964
201 986
202 222
202 400
202 412
202 429
202 463
202 517
202 529
202 544
202 633
202 716
202 757
202 784
202 868
203 232
203 284
203 305
203 407
203 423
203 468
203 506
203 575
203 661
203 708
203 724
203 765
203 885
203 948
204 242
204 427
204 441
204 849
205 290
205 299
205 448
205 527
205 600
205 624
205 630
205 635
205 788
205 861
205 928
205 933
205 963
206 217
206 290
206 309
206 355
206 378
206 449
206 481
206 517
206 532
206 792
206 917
206 931
206 963
207 400
207 402
207 410
207 456
207 516
207 867
207 994
208 218
208 243
208 254
208 260
208 282
208 311
208 366
208 448
208 480
208 510
208 515
208 566
208 656
208 744
208 795
208 990
208 998
209 238
209 248
209 261
209 304
209 307
209 312
209 434
209 445
209 482
209 551
209 573
209 586
209 612
209 643
209 670
209 671
209 962
210 293
210 326
210 407
210 515
210 547
210 612
210 794
210 797
210 854
210 860
211 212
211 240
211 305
211 327
211 398
211 401
211 416
211 457
211 522
211 711
211 881
212 232
212 336
212 362
212 400
212 500
212 534
212 595
212 798
212 854
212 896
212 928
212 966
212 980
213 283
213 287
213 429
213 627
213 695
213 851
214 735
215 228
215 241
215 263
215 264
215 411
215 494
215 518
215 522
215 541
215 544
215 621
215 629
215 648
215 737
215 819
215 900
215 986
216 284
216 330
216 744
216 815
216 866
216 888
216 919
216 998
217 385
217 390
217 395
217 548
217 688
217 734
217 872
217 943
218 250
218 283
218 312
218 343
218 368
218 380
218 390
218 408
218 466
218 612
218 662
218 670
218 695
218 734
218 869
218 921
218 940
218 949
218 974
219 253
219 317
219 321
219 392
219 418
219 501
219 514
219 535
219 756
219 815
219 833
219 922
220 239
220 322
220 352
220 363
220 385
220 469
220 515
220 582
220 644
220 760
220 850
220 910
221 244
221 294
221 329
221 339
221 348
221 353
221 406
221 556
221 561
221 620
221 778
222 236
222 275
222 320
222 372
222 384
222 426
222 466
222 493
222 509
222 644
222 655
222 725
223 230
223 255
223 312
223 376
223 421
223 491
223 520
223 662
223 669
223 687
223 713
223 720
223 750
223 849
223 982
224 246
224 277
224 636
224 707
224 747
224 908
225 451
225 967
226 245
226 247
226 263
226 274
226 312
226 430
226 453
226 633
226 711
226 766
226 770
226 798
226 823
226 824
227 228
227 309
227 317
227 326
227 357
227 367
227 430
227 485
227 577
227 711
227 796
228 230
228 234
228 369
228 408
228 412
228 474
228 492
228 559
228 653
228 658
228 712
228 751
228 757
228 896
229 276
229 285
229 325
229 343
229 447
229 484
229 689
229 756
229 902
229 952
230 269
230 302
230 599
230 781
230 906
230 945
231 310
231 334
231 390
231 426
231 436
231 439
231 451
231 499
231 628
231 665
231 775
231 790
231 974
232 503
232 525
232 565
232 591
232 657
232 800
232 821
232 849
232 915
232 967
233 245
233 285
233 304
233 442
233 450
233 453
233 463
233 482
233 573
233 750
233 799
233 848
233 858
234 235
234 242
234 244
234 260
234 270
234 346
234 373
234 440
234 455
234 668
234 714
234 729
234 771
234 805
234 813
234 979
235 243
235 285
235 374
235 409
235 467
235 485
235 520
235 616
235 656
235 998
236 242
236 261
236 321
236 417
236 432
236 434
236 438
236 440
236 468
236 479
236 531
236 540
236 605
236 697
236 714
236 740
236 755
236 783
236 819
236 910
236 966
237 252
237 346
237 371
237 465
237 520
237 527
237 733
237 777
238 271
238 352
238 483
238 627
238 743
238 755
238 778
238 798
238 827
238 863
238 911
239 251
239 262
239 321
239 466
239 601
239 655
239 749
239 770
239 808
239 841
240 258
240 477
240 537
240 589
240 695
240 746
240 883
240 887
240 904
241 255
241 262
241 412
241 447
241 454
241 459
241 464
241 528
241 577
241 639
241 787
241 864
241 895
241 973
242 265
242 279
242 375
242 384
242 503
242 650
242 719
242 763
242 903
243 335
243 345
243 394
243 425
243 594
243 833
243 860
243 979
244 421
244 519
244 528
244 960
244 971
245 278
245 349
245 391
245 423
245 476
245 517
245 560
245 633
245 670
245 778
245 837
245 845
245 880
245 972
246 247
246 250
246 268
246 283
246 293
246 304
246 361
246 461
246 467
246 602
246 681
246 871
246 995
247 316
247 355
247 378
247 384
247 467
247 479
247 583
247 681
247 715
247 798
247 935
248 272
248 352
248 372
248 387
248 433
248 475
248 669
248 673
248 682
248 834
249 299
249 303
249 316
249 359
249 388
249 399
249 452
249 493
249 568
249 637
249 737
249 744
249 851
250 260
250 310
250 388
250 433
250 609
250 671
250 703
250 705
250 809
250 839
251 255
251 268
251 288
251 391
251 427
251 688
251 811
251 835
252 356
252 360
252 404
252 451
252 538
252 558
252 706
252 840
253 292
253 343
253 456
253 690
253 928
254 438
254 455
254 461
254 512
254 584
254 725
254 847
255 280
255 284
255 565
255 594
255 817
255 848
255 904
255 971
256 265
256 310
256 443
256 444
256 520
256 534
256 549
256 608
256 957
257 272
257 341
257 383
257 409
257 508
257 525
257 659
257 773
257 783
257 914
257 920
257 983
258 295
258 312
258 362
258 488
258 891
259 446
259 501
259 603
259 706
259 831
259 888
259 959
259 998
260 265
260 315
260 372
260 558
260 601
260 637
260 642
260 709
260 839
260 942
261 309
261 365
261 409
261 460
261 496
261 498
261 539
261 541
261 551
261 595
261 686
261 721
261 884
261 942
262 277
262 296
262 335
262 347
262 366
262 395
262 427
262 460
262 537
262 602
262 691
262 730
262 750
262 765
262 940
263 331
263 405
263 507
263 703
263 739
263 805
264 287
264 297
264 343
264 473
264 589
264 615
264 630
264 694
264 820
264 844
264 910
265 273
265 360
265 380
265 464
265 468
265 836
265 887
265 930
265 938
265 956
266 275
266 288
266 364
266 369
266 425
266 556
266 709
266 932
267 312
267 358
267 379
267 394
267 420
267 789
268 339
268 342
268 507
268 522
268 557
268 574
268 632
268 713
268 728
268 840
269 294
269 393
269 433
269 453
269 591
269 608
269 861
270 273
270 296
270 324
270 381
270 416
270 538
270 579
270 590
270 604
270 651
270 749
270 779
270 793
270 814
270 907
271 276
271 284
271 331
271 410
271 515
271 771
271 850
271 874
271 988
272 369
272 406
272 442
272 445
272 485
272 593
272 616
272 642
272 693
272 759
272 880
272 921
272 947
273 292
273 308
273 377
273 444
273 496
273 528
273 537
273 602
273 654
273 693
273 775
273 952
274 317
274 462
274 502
274 521
274 563
274 632
274 680
274 838
274 933
275 470
275 481
275 725
275 755
275 840
276 376
276 476
276 499
276 676
276 740
276 772
276 919
276 975
277 326
277 366
277 393
277 407
277 527
277 592
277 837
278 429
278 451
278 455
278 467
278 487
278 496
278 516
278 553
278 555
278 824
279 417
279 473
279 494
279 588
279 795
280 382
280 430
280 464
280 474
280 618
280 659
280 735
280 815
280 912
280 987
281 340
281 429
281 603
281 729
281 868
282 488
282 696
282 710
282 817
283 291
283 309
283 417
283 463
283 513
283 651
283 731
283 822
283 875
283 951
283 955
284 355
284 442
284 443
284 519
284 545
284 572
284 604
284 613
284 646
284 978
284 991
285 347
285 487
285 554
285 702
285 720
285 796
285 868
285 895
285 976
286 306
286 354
286 585
286 600
286 667
286 811
286 967
286 980
287 303
287 324
287 329
287 351
287 370
287 407
287 480
287 503
287 562
287 573
287 591
287 655
287 694
287 785
287 951
287 968
288 322
288 327
288 410
288 450
288 463
288 487
288 545
288 735
288 836
288 840
288 924
289 297
289 555
289 676
289 844
289 850
289 860
289 882
290 369
290 946
291 307
291 311
291 383
291 398
291 415
291 446
291 536
291 639
291 790
291 914
291 943
292 365
292 504
292 571
292 745
292 828
292 842
292 923
293 398
293 485
293 660
293 880
293 915
293 924
294 482
294 487
294 493
294 501
294 512
294 520
294 532
294 571
294 590
294 636
294 749
294 764
294 785
294 843
295 561
295 737
295 805
296 308
296 584
296 622
296 877
296 921
297 659
297 684
297 705
297 764
297 768
297 977
298 326
298 721
298 819
298 867
298 871
298 970
299 381
299 550
299 901
299 957
300 336
300 575
300 741
300 752
300 795
300 894
300 927
301 399
301 483
301 531
301 615
301 620
301 664
301 727
301 940
301 985
302 311
302 356
302 360
302 393
302 430
302 497
302 868
303 319
303 342
303 374
303 614
303 626
303 666
303 672
303 722
303 776
303 851
303 955
304 337
304 341
304 450
304 513
304 567
304 668
305 335
305 384
305 405
305 564
305 715
305 771
305 873
305 926
306 375
306 447
306 458
306 500
306 610
306 621
306 735
306 793
306 858
306 866
307 344
307 364
307 636
307 899
307 901
308 347
308 468
308 486
308 685
309 328
309 364
309 392
309 430
309 465
309 559
309 577
309 641
309 689
310 314
310 509
310 581
310 753
311 786
311 799
312 399
312 471
312 478
312 562
312 577
312 611
312 623
312 707
312 880
312 883
312 926
312 964
312 999
313 387
313 392
313 419
313 497
313 529
313 545
313 663
313 667
313 758
313 846
313 961
313 981
314 413
314 634
314 680
314 697
314 747
314 820
314 855
314 984
315 343
315 352
315 431
315 542
315 587
315 642
315 695
315 777
315 781
315 862
316 331
316 388
316 406
316 441
316 445
316 459
316 485
316 514
316 522
316 536
316 550
316 567
316 570
316 618
316 629
316 645
316 788
316 791
316 802
316 828
317 413
317 415
317 449
317 603
317 654
317 700
317 880
317 894
317 930
318 351
318 403
318 414
318 502
318 580
318 684
318 787
318 888
318 915
318 945
319 365
319 458
319 523
319 542
319 590
319 927
320 352
320 611
320 642
320 655
320 986
321 468
321 481
321 567
321 639
321 682
321 746
321 749
321 799
321 906
321 908
322 366
322 375
322 950
323 325
323 439
323 753
323 831
323 916
323 919
323 933
323 958
324 413
324 482
324 489
324 514
324 623
324 701
324 734
324 750
324 775
324 832
324 934
324 963
325 336
325 428
325 478
325 484
325 500
325 580
325 816
325 917
325 983
326 365
326 370
326 448
326 533
326 604
326 700
326 756
327 418
327 521
327 540
327 554
327 564
327 574
327 611
327 622
327 650
327 847
327 864
327 969
328 336
328 366
328 507
328 530
328 623
328 944
328 975
329 418
329 815
330 332
330 466
330 530
330 531
330 647
330 696
330 714
330 769
330 813
330 866
330 884
330 942
330 949
331 580
331 640
331 864
331 885
332 388
332 403
332 482
332 545
332 568
332 615
332 633
332 776
332 779
332 818
333 539
333 622
333 660
333 670
333 782
333 790
333 838
333 943
334 385
334 387
334 426
334 498
334 506
334 537
334 578
334 590
334 659
334 686
334 771
335 361
335 388
335 595
335 598
335 655
335 723
335 767
336 339
336 402
336 418
336 459
336 460
336 484
336 493
336 525
336 547
336 626
336 678
336 731
336 744
336 745
336 793
336 794
336 903
336 928
336 956
337 345
337 377
337 386
337 397
337 432
337 477
337 526
337 543
337 568
337 621
337 652
337 658
337 783
338 350
338 353
338 439
338 443
338 454
338 457
338 505
338 528
338 583
338 642
338 671
338 692
338 701
338 725
338 726
338 731
338 804
338 808
338 822
338 846
338 961
338 983
339 415
339 442
339 526
339 557
339 575
339 622
339 653
339 917
339 963
340 452
340 453
340 490
340 492
340 494
340 502
340 630
340 674
340 819
341 361
341 368
341 423
341 442
341 536
341 565
341 635
341 822
341 956
342 781
342 806
342 858
342 906
342 915
343 355
343 417
343 496
343 528
343 680
343 692
343 747
343 897
344 379
344 428
344 581
344 664
344 815
344 997
345 644
345 715
345 721
345 736
345 910
346 360
346 368
346 396
346 505
346 771
346 775
347 394
347 422
347 470
347 486
347 502
347 672
347 687
347 703
347 902
347 953
348 375
348 398
348 449
348 453
348 472
348 507
348 574
348 613
348 689
348 807
348 812
348 944
348 951
348 981
349 404
349 423
349 432
349 461
349 507
349 524
349 538
349 591
349 602
349 603
349 631
349 721
349 826
349 991
350 442
350 526
350 588
350 805
350 973
351 508
351 572
351 634
351 736
351 739
351 807
351 878
351 896
352 361
352 513
352 539
352 603
352 882
353 585
353 628
353 636
353 683
353 733
353 747
353 820
354 375
354 386
354 402
354 437
354 459
354 469
354 510
354 552
354 586
354 736
354 760
354 803
354 820
354 834
354 902
355 584
355 673
355 977
355 987
356 450
357 374
357 384
357 691
357 830
357 862
357 951
357 975
358 380
358 475
358 614
358 799
358 908
359 361
359 375
359 411
359 456
359 461
359 465
359 540
359 558
359 600
359 700
359 757
359 808
359 823
359 984
360 399
360 437
360 491
360 542
360 810
360 838
360 848
360 932
361 518
361 560
361 584
361 688
361 718
361 794
361 845
361 887
361 893
361 953
362 427
362 509
362 621
362 676
362 715
362 718
362 760
362 773
362 779
362 979
363 392
363 684
363 738
363 757
363 952
364 676
364 822
366 475
366 479
366 494
366 530
366 583
366 586
366 611
366 626
366 696
367 401
367 424
367 519
367 611
367 654
367 677
367 691
367 792
367 809
368 376
368 393
368 700
368 876
369 557
369 874
370 425
370 658
370 747
370 767
370 822
370 936
370 988
371 376
371 377
371 476
371 559
371 709
371 715
371 978
372 439
372 457
372 538
372 664
372 823
373 648
373 691
373 723
373 789
373 812
373 866
374 554
374 792
375 391
375 450
375 530
375 595
375 716
375 800
375 908
375 999
376 397
376 401
376 420
376 422
376 475
376 522
376 720
376 812
376 964
377 446
377 495
377 573
377 690
377 743
377 801
377 863
378 403
378 505
378 529
378 624
378 937
378 972
379 456
379 698
379 907
380 419
380 481
380 598
381 588
381 622
381 694
381 890
382 390
382 404
382 461
382 495
382 553
382 608
382 656
382 825
382 858
382 866
382 903
382 927
382 945
382 979
383 465
383 467
383 532
383 594
383 634
383 661
383 664
383 726
383 971
384 474
384 475
384 603
384 628
384 631
384 649
384 669
384 675
384 679
384 773
384 774
384 908
384 909
385 412
385 596
385 597
385 599
385 617
385 744
385 754
385 763
385 782
385 788
385 817
385 852
385 920
385 961
386 396
386 567
386 663
386 672
386 673
386 852
387 391
387 469
387 574
387 649
387 662
387 774
387 788
387 832
387 905
387 971
388 390
388 411
388 414
388 578
388 703
388 879
388 997
389 551
389 662
389 785
389 880
390 593
390 606
390 689
390 777
390 784
391 422
391 584
391 683
391 685
391 758
391 802
391 807
392 423
392 470
392 516
392 525
392 886
392 938
392 952
393 499
393 595
393 635
393 669
393 752
393 793
393 856
393 859
393 872
393 873
393 947
393 972
394 444
394 614
394 624
394 685
394 705
394 807
394 836
395 427
395 538
395 668
395 807
395 830
396 411
396 459
396 504
396 542
396 832
396 842
396 888
397 407
397 496
397 501
397 572
397 636
397 663
397 719
397 740
397 920
397 986
398 400
398 432
398 553
398 704
398 730
399 894
400 423
400 495
400 502
400 616
400 696
400 739
400 980
401 444
401 583
401 628
401 703
401 717
401 808
401 809
401 877
401 889
402 455
402 731
402 747
402 868
402 909
403 687
403 968
404 660
404 733
404 750
404 752
404 759
404 781
404 789
404 981
405 423
405 539
405 543
405 557
405 764
406 610
406 669
406 691
407 561
407 564
407 597
407 734
407 822
408 417
408 703
408 895
408 945
408 964
409 824
409 850
410 412
410 513
410 654
410 711
410 799
410 825
410 943
410 956
411 486
411 524
411 946
412 591
412 602
412 637
413 549
413 703
413 823
414 528
414 560
414 765
414 881
415 634
415 640
416 436
416 482
416 669
416 708
416 770
416 883
416 949
417 520
417 647
417 728
417 864
417 875
418 443
418 482
418 672
418 699
419 424
419 519
419 780
419 855
419 876
419 893
419 984
420 483
420 559
420 684
420 834
420 881
420 927
420 975
421 470
421 488
421 538
421 553
421 563
421 690
421 769
421 920
422 569
422 980
423 431
423 436
423 477
423 553
423 580
423 609
423 662
423 698
423 706
423 738
423 747
423 817
423 939
423 976
424 585
424 660
424 677
424 683
424 687
424 789
425 652
425 877
425 980
426 819
426 973
427 593
427 650
427 726
427 806
427 977
428 492
428 584
428 726
428 771
428 853
429 488
429 596
429 755
430 458
430 890
430 891
431 550
432 456
432 487
432 508
432 540
432 574
432 589
433 486
433 679
433 760
433 986
434 587
434 761
434 850
434 909
435 645
435 651
435 735
436 689
436 756
436 785
437 741
437 758
437 767
437 792
437 865
437 969
438 468
438 495
438 605
438 882
438 914
439 517
439 549
439 626
439 867
439 949
440 745
440 812
440 884
440 933
440 970
441 485
441 574
441 654
441 714
441 804
441 843
441 924
441 925
442 500
442 576
442 606
442 624
442 631
442 681
443 521
443 554
443 558
443 561
443 657
443 817
443 900
444 474
444 988
446 534
446 804
446 857
446 883
446 983
447 514
447 607
447 652
447 687
447 869
447 991
448 457
448 630
448 632
448 659
448 989
449 521
449 537
449 539
449 634
449 768
449 877
449 878
449 903
450 573
450 596
450 673
450 753
450 927
450 987
451 498
451 570
451 580
451 670
451 743
451 756
451 758
452 469
452 610
452 655
452 756
452 777
452 843
452 894
452 958
452 961
454 553
454 572
454 672
454 696
454 707
454 826
454 881
454 889
454 921
455 463
455 479
455 525
455 839
456 711
456 811
456 852
456 867
457 535
457 588
457 692
457 873
458 471
458 550
458 608
458 722
458 894
458 982
458 995
459 487
459 682
459 893
460 532
460 635
460 641
461 497
461 629
461 651
461 758
461 767
461 921
462 619
462 693
462 702
462 741
462 988
463 944
463 997
464 546
464 735
464 863
465 592
465 694
466 482
466 548
466 557
466 578
466 695
467 536
467 569
467 577
467 641
467 734
467 930
468 878
469 752
470 475
470 499
470 674
470 697
470 704
470 775
470 954
471 590
471 691
471 700
471 879
472 516
472 655
472 684
472 779
473 493
473 681
473 969
474 554
474 691
474 886
474 920
474 930
474 938
475 489
475 523
475 567
475 887
475 890
475 991
476 538
476 625
476 653
476 677
476 722
476 752
476 766
476 828
476 866
476 957
477 504
477 602
477 679
477 765
477 781
477 847
477 901
478 813
478 929
479 561
479 581
479 669
479 739
479 803
479 849
480 777
480 844
480 875
481 960
482 528
482 640
482 846
482 911
482 912
482 918
482 922
483 484
483 498
483 516
483 669
483 757
483 817
483 893
483 927
483 939
484 490
484 565
484 688
484 750
484 792
484 825
484 832
484 837
485 589
485 603
485 641
485 691
486 552
486 624
486 695
486 968
487 590
487 639
487 646
487 952
488 704
488 751
488 905
488 918
489 592
489 637
489 736
489 875
489 916
490 529
490 643
490 748
490 807
490 990
491 517
491 613
491 630
491 689
492 911
493 716
493 846
493 935
494 552
494 784
494 839
494 900
494 933
495 535
495 560
495 647
495 699
495 767
495 794
495 958
496 497
496 793
497 644
497 987
498 576
498 619
498 716
498 900
498 951
499 656
499 740
499 938
500 670
500 808
501 632
501 741
501 764
501 903
502 701
502 731
502 957
503 520
503 596
503 633
503 638
503 658
503 668
503 912
504 514
504 582
504 612
504 619
504 638
504 742
504 748
504 857
504 867
505 576
505 717
505 773
505 850
506 521
506 552
506 632
506 693
506 748
506 775
506 809
508 617
508 620
509 633
509 635
509 637
509 656
510 911
511 528
511 557
511 649
511 677
511 692
511 804
512 518
512 543
512 995
513 570
513 733
514 532
514 541
514 547
514 582
514 653
514 708
514 720
514 777
514 899
515 531
515 614
516 545
516 594
516 663
516 682
516 984
517 530
517 581
517 634
517 674
517 763
517 815
517 954
518 608
518 705
518 739
518 870
518 923
519 625
519 629
519 644
519 661
519 669
519 730
519 860
519 869
519 942
520 814
520 866
520 892
521 579
521 644
521 791
521 862
521 866
521 882
521 891
521 907
521 932
522 702
523 543
523 577
523 875
523 954
524 533
524 744
525 536
525 541
525 567
525 725
525 739
525 834
525 936
526 590
526 605
526 613
526 728
526 736
526 754
526 827
526 876
527 534
527 715
527 833
527 877
528 717
528 769
528 904
529 763
529 900
529 926
529 996
530 590
530 611
530 696
530 702
530 725
530 731
530 766
530 900
531 541
531 619
531 678
531 699
531 881
531 895
532 798
532 961
533 691
533 814
534 561
534 612
534 651
534 712
534 770
535 697
535 889
535 915
536 827
536 966
537 650
537 732
537 793
537 887
537 930
537 941
537 989
538 594
538 732
538 814
538 838
538 922
538 936
538 994
539 568
539 620
539 660
539 892
540 631
540 798
541 618
541 994
542 679
542 840
542 910
543 550
543 578
543 646
543 704
543 748
543 778
543 905
543 959
544 710
544 721
544 754
544 839
544 976
545 546
545 560
545 589
545 612
545 710
545 844
545 858
546 675
546 677
546 710
546 720
547 733
547 738
547 740
547 748
547 857
547 875
547 898
547 919
547 937
548 573
548 679
548 787
548 870
549 718
549 835
550 614
550 844
550 932
550 983
551 717
551 743
551 751
551 770
551 785
551 810
551 907
552 779
553 724
553 829
554 606
554 870
554 958
555 567
555 699
555 955
556 569
556 631
556 634
556 853
557 707
557 710
557 750
557 799
558 699
559 617
559 727
559 776
559 829
559 830
559 927
559 965
560 805
560 955
560 973
560 996
561 679
561 782
561 923
561 925
561 959
561 983
562 651
562 918
563 567
563 759
563 798
563 950
564 605
564 617
564 856
565 585
565 671
565 717
566 753
566 804
566 917
567 583
567 644
567 842
568 596
568 646
569 776
569 824
570 625
571 600
571 794
571 943
572 873
572 919
572 998
573 679
573 705
574 620
574 686
574 751
574 767
574 801
575 681
575 867
575 883
576 973
577 664
577 752
577 865
578 622
579 925
580 745
580 788
580 801
580 803
580 831
580 857
580 876
580 928
580 960
581 587
581 701
581 759
581 862
581 901
581 929
582 651
582 724
583 801
583 881
583 884
584 642
584 651
584 797
585 623
585 712
585 904
586 698
588 625
588 745
589 967
590 720
590 880
590 953
591 673
591 800
591 834
592 638
592 706
592 791
592 849
592 986
593 821
593 870
595 978
596 628
596 821
596 975
596 997
597 673
597 889
597 989
598 654
598 686
599 601
599 661
599 765
599 812
599 895
600 887
601 653
602 647
602 680
602 835
602 985
602 989
603 607
603 717
603 752
603 810
603 843
603 871
604 980
605 641
605 709
605 890
605 911
606 636
606 672
606 952
607 615
607 726
607 931
608 611
608 837
608 915
609 688
609 787
610 650
610 705
610 718
610 748
610 869
611 694
611 730
611 999
612 965
613 698
613 976
614 722
614 921
614 922
615 675
616 674
616 843
616 947
617 648
617 846
617 919
618 658
618 708
618 847
619 648
619 700
619 761
619 833
620 743
620 885
620 962
621 631
621 648
621 729
621 759
621 773
621 783
621 838
622 745
622 829
622 848
622 881
623 682
623 906
624 709
624 737
624 840
624 869
625 723
625 916
625 949
626 863
627 813
627 963
628 664
628 932
628 937
631 646
631 667
631 733
631 932
632 784
632 827
632 836
632 855
632 916
634 758
634 871
635 664
636 672
636 685
636 974
637 754
638 643
638 649
638 841
638 940
639 852
639 934
639 975
640 645
640 656
640 706
640 805
640 826
640 860
641 729
642 666
642 681
642 950
643 686
643 852
643 948
644 710
645 779
645 856
645 996
646 686
647 823
647 885
647 901
648 731
648 815
648 899
648 929
649 893
650 665
650 812
651 702
651 736
652 733
652 784
652 876
652 982
653 682
653 699
653 907
654 677
654 722
654 778
654 842
654 889
654 953
655 716
655 758
657 713
657 823
657 861
657 951
658 681
658 861
659 719
659 849
659 954
659 992
660 716
660 722
660 960
661 838
662 681
662 782
662 803
663 850
663 877
663 878
664 726
665 761
665 811
666 775
666 909
668 680
668 803
668 818
668 892
669 680
669 754
669 811
669 891
669 985
671 783
674 677
674 683
674 700
674 808
675 854
676 697
676 772
676 813
676 875
677 768
677 829
678 835
679 900
680 928
681 705
682 911
683 703
683 756
683 791
683 914
683 924
684 977
685 727
685 963
686 882
686 883
686 936
687 800
688 714
688 732
688 738
688 848
688 918
689 851
690 712
690 741
690 906
690 972
690 974
690 982
690 984
691 980
692 816
692 928
693 711
693 741
693 815
693 828
693 879
694 737
694 880
695 766
695 920
696 735
696 910
696 937
697 734
697 760
697 967
698 804
698 865
699 937
700 763
701 792
701 809
701 896
701 950
702 834
702 851
702 870
703 845
704 711
704 859
704 997
705 863
705 890
705 955
706 841
706 942
707 868
707 897
708 774
708 988
709 810
709 898
710 785
710 946
711 822
711 838
713 896
714 916
715 738
715 912
716 876
716 891
716 899
717 948
717 999
718 719
719 944
720 838
720 876
720 953
721 802
721 835
722 886
722 946
722 963
723 755
723 871
723 892
724 889
725 884
725 909
726 820
727 835
728 804
729 981
730 811
732 786
732 915
733 785
733 924
734 811
734 937
734 941
734 970
735 786
735 824
735 898
735 907
735 970
738 758
738 824
740 869
740 986
742 968
744 748
744 808
744 826
745 948
747 786
747 837
747 855
748 826
748 858
748 934
749 872
750 804
750 814
750 819
751 761
751 782
751 826
751 885
752 876
753 770
753 806
754 761
754 814
754 991
756 772
756 782
756 809
756 895
757 799
757 831
757 952
757 981
759 840
759 896
760 822
760 847
762 783
767 829
767 861
767 887
767 924
767 929
768 845
768 862
768 864
769 978
770 806
771 813
771 819
771 944
771 984
772 813
774 935
775 993
776 901
777 923
778 859
778 946
780 885
780 938
781 803
781 940
781 960
782 897
783 974
784 897
784 911
785 957
786 815
787 876
787 971
787 993
789 791
789 877
790 843
791 809
791 855
792 833
792 908
792 917
792 956
793 830
793 869
795 833
795 854
796 841
796 939
797 918
797 970
798 823
801 858
802 881
806 865
806 987
807 932
808 827
809 958
809 976
810 816
812 999
814 833
817 826
817 831
818 890
818 904
819 834
819 981
821 825
821 978
822 868
823 841
826 851
828 839
828 875
829 856
829 929
832 906
833 835
833 958
836 964
838 994
839 902
839 961
839 974
840 986
840 987
847 872
847 914
848 866
852 874
852 890
852 948
853 943
856 936
856 962
857 972
857 973
858 934
858 983
859 917
861 864
861 891
861 976
863 966
864 908
872 897
872 918
873 949
873 962
875 928
875 959
876 954
877 979
881 883
881 985
882 888
889 912
889 956
890 894
890 897
890 916
890 922
890 933
890 941
894 988
897 996
899 967
900 964
901 926
905 940
905 946
905 965
910 919
911 956
912 992
912 997
914 973
916 949
916 997
919 921
919 936
919 995
921 939
921 941
923 959
924 945
926 987
941 942
947 971
959 972
959 996
962 992
977 981
981 985
