0 5
0 6
0 8
0 9
0 14
0 15
0 18
0 39
0 58
0 68
0 118
0 131
0 298
0 301
0 338
0 371
0 543
0 557
0 582
0 792
0 878
0 891
0 953
0 988
1 5
1 6
1 7
1 9
1 19
1 28
1 29
1 31
1 40
1 44
1 46
1 58
1 61
1 73
1 95
1 145
1 168
1 264
1 329
1 357
1 373
1 517
1 567
1 596
1 613
1 656
1 723
1 746
1 751
1 753
1 774
1 816
1 888
1 924
1 978
2 5
2 6
2 7
2 9
2 10
2 11
2 17
2 25
2 29
2 33
2 36
2 58
2 65
2 79
2 115
2 117
2 142
2 148
2 173
2 179
2 188
2 198
2 213
2 226
2 235
2 253
2 255
2 285
2 294
2 374
2 379
2 380
2 388
2 396
2 408
2 500
2 546
2 586
2 621
2 624
2 699
2 825
2 875
2 884
2 891
2 913
2 955
3 5
3 6
3 7
3 8
3 9
3 12
3 13
3 15
3 18
3 21
3 24
3 35
3 37
3 41
3 42
3 44
3 48
3 52
3 54
3 57
3 59
3 60
3 62
3 64
3 67
3 72
3 81
3 82
3 101
3 103
3 107
3 116
3 122
3 126
3 130
3 137
3 152
3 153
3 154
3 171
3 172
3 179
3 191
3 197
3 198
3 203
3 213
3 243
3 260
3 261
3 269
3 287
3 315
3 323
3 327
3 330
3 342
3 361
3 362
3 371
3 394
3 395
3 398
3 404
3 413
3 417
3 419
3 439
3 447
3 484
3 487
3 506
3 507
3 569
3 580
3 608
3 669
3 677
3 679
3 701
3 708
3 720
3 741
3 767
3 771
3 787
3 797
3 801
3 802
3 804
3 822
3 824
3 841
3 879
3 893
3 907
3 944
3 971
4 5
4 79
5 6
5 7
5 8
5 9
5 12
5 17
5 20
5 22
5 23
5 26
5 30
5 31
5 35
5 37
5 38
5 39
5 44
5 45
5 52
5 56
5 61
5 63
5 64
5 78
5 79
5 80
5 83
5 84
5 88
5 90
5 92
5 106
5 110
5 120
5 134
5 144
5 148
5 152
5 173
5 174
5 181
5 182
5 199
5 209
5 211
5 215
5 219
5 241
5 263
5 275
5 281
5 286
5 287
5 290
5 293
5 294
5 338
5 420
5 424
5 451
5 476
5 480
5 492
5 507
5 530
5 537
5 539
5 543
5 547
5 551
5 562
5 576
5 580
5 591
5 595
5 599
5 607
5 610
5 628
5 629
5 645
5 647
5 664
5 667
5 676
5 692
5 697
5 731
5 732
5 737
5 749
5 752
5 794
5 838
5 844
5 877
5 893
5 914
5 917
5 942
5 977
6 7
6 8
6 10
6 11
6 13
6 15
6 22
6 23
6 26
6 31
6 32
6 33
6 36
6 37
6 50
6 52
6 54
6 58
6 66
6 67
6 70
6 74
6 82
6 91
6 100
6 124
6 127
6 150
6 159
6 164
6 172
6 183
6 184
6 187
6 196
6 201
6 214
6 219
6 224
6 236
6 237
6 240
6 248
6 249
6 273
6 282
6 284
6 313
6 333
6 350
6 397
6 402
6 418
6 434
6 442
6 452
6 480
6 495
6 501
6 503
6 519
6 531
6 534
6 554
6 558
6 563
6 567
6 612
6 614
6 624
6 632
6 637
6 641
6 648
6 650
6 665
6 680
6 696
6 700
6 701
6 737
6 742
6 797
6 816
6 820
6 876
6 894
6 906
6 931
6 943
6 960
6 961
6 986
7 8
7 10
7 11
7 12
7 14
7 15
7 16
7 17
7 18
7 19
7 20
7 23
7 24
7 26
7 31
7 43
7 46
7 51
7 55
7 59
7 63
7 64
7 65
7 71
7 74
7 87
7 93
7 99
7 108
7 110
7 113
7 115
7 119
7 120
7 124
7 125
7 136
7 144
7 147
7 148
7 149
7 161
7 162
7 163
7 176
7 178
7 182
7 191
7 193
7 205
7 219
7 223
7 226
7 227
7 228
7 234
7 246
7 256
7 259
7 271
7 280
7 306
7 330
7 336
7 351
7 365
7 377
7 378
7 383
7 385
7 412
7 429
7 435
7 475
7 522
7 527
7 530
7 540
7 549
7 560
7 568
7 570
7 588
7 597
7 649
7 655
7 666
7 679
7 682
7 686
7 689
7 690
7 696
7 706
7 714
7 732
7 735
7 770
7 778
7 839
7 874
7 889
7 894
7 910
7 953
7 974
7 983
8 10
8 11
8 14
8 19
8 22
8 24
8 25
8 32
8 34
8 35
8 40
8 46
8 56
8 57
8 67
8 80
8 81
8 87
8 93
8 94
8 97
8 102
8 111
8 122
8 140
8 142
8 169
8 173
8 203
8 207
8 219
8 223
8 237
8 240
8 242
8 257
8 264
8 266
8 272
8 273
8 275
8 290
8 296
8 303
8 312
8 321
8 322
8 341
8 364
8 371
8 381
8 410
8 427
8 431
8 534
8 555
8 561
8 565
8 589
8 592
8 597
8 608
8 626
8 651
8 654
8 679
8 702
8 741
8 754
8 773
8 783
8 830
8 831
8 849
8 850
8 881
8 913
8 980
8 991
9 10
9 11
9 13
9 16
9 24
9 27
9 28
9 30
9 40
9 54
9 56
9 68
9 73
9 74
9 78
9 89
9 117
9 121
9 127
9 134
9 135
9 192
9 208
9 212
9 232
9 239
9 286
9 302
9 314
9 318
9 322
9 334
9 350
9 364
9 366
9 378
9 389
9 402
9 417
9 431
9 444
9 453
9 454
9 462
9 480
9 482
9 510
9 589
9 652
9 704
9 725
9 751
9 752
9 784
9 788
9 842
9 846
9 847
9 849
9 853
9 858
9 916
9 928
9 957
10 12
10 13
10 14
10 15
10 16
10 19
10 20
10 23
10 27
10 32
10 36
10 65
10 68
10 76
10 84
10 92
10 93
10 109
10 114
10 119
10 124
10 159
10 172
10 173
10 193
10 261
10 288
10 289
10 295
10 304
10 308
10 309
10 319
10 321
10 324
10 355
10 382
10 391
10 401
10 411
10 413
10 511
10 514
10 521
10 524
10 539
10 590
10 621
10 625
10 666
10 681
10 688
10 704
10 844
10 888
10 914
11 12
11 13
11 14
11 16
11 18
11 21
11 32
11 33
11 36
11 45
11 47
11 50
11 61
11 62
11 66
11 71
11 90
11 93
11 98
11 133
11 139
11 156
11 170
11 171
11 181
11 189
11 197
11 236
11 237
11 238
11 241
11 242
11 244
11 248
11 264
11 273
11 284
11 294
11 311
11 314
11 317
11 322
11 331
11 339
11 354
11 360
11 361
11 383
11 384
11 416
11 448
11 452
11 461
11 489
11 493
11 515
11 516
11 532
11 533
11 542
11 556
11 568
11 597
11 644
11 649
11 670
11 676
11 684
11 688
11 694
11 705
11 712
11 715
11 756
11 789
11 795
11 801
11 817
11 859
11 860
11 876
11 888
11 896
11 932
11 933
11 934
11 938
11 941
11 952
11 953
11 970
11 979
12 48
12 57
12 72
12 85
12 90
12 117
12 232
12 276
12 333
12 439
12 447
12 592
12 762
12 859
12 881
13 17
13 19
13 42
13 47
13 50
13 70
13 97
13 123
13 137
13 151
13 152
13 171
13 178
13 193
13 199
13 211
13 232
13 313
13 330
13 373
13 484
13 532
13 533
13 848
13 858
13 881
13 884
14 16
14 17
14 22
14 24
14 29
14 46
14 47
14 48
14 56
14 61
14 67
14 71
14 76
14 83
14 114
14 121
14 169
14 178
14 210
14 247
14 274
14 315
14 396
14 400
14 420
14 505
14 508
14 512
14 520
14 529
14 580
14 583
14 601
14 605
14 606
14 657
14 703
14 778
14 790
14 829
14 847
14 872
14 887
14 969
15 18
15 21
15 25
15 27
15 28
15 39
15 40
15 49
15 55
15 60
15 73
15 84
15 101
15 108
15 121
15 130
15 137
15 150
15 162
15 194
15 219
15 220
15 230
15 232
15 233
15 252
15 266
15 271
15 284
15 294
15 342
15 350
15 354
15 373
15 377
15 395
15 433
15 482
15 609
15 620
15 634
15 645
15 674
15 719
15 777
15 844
15 855
15 874
15 975
15 993
15 994
16 21
16 25
16 26
16 30
16 33
16 38
16 42
16 47
16 70
16 80
16 89
16 91
16 123
16 150
16 155
16 165
16 172
16 177
16 185
16 189
16 201
16 233
16 246
16 261
16 285
16 367
16 384
16 392
16 400
16 447
16 471
16 512
16 524
16 545
16 548
16 580
16 609
16 624
16 627
16 637
16 643
16 662
16 668
16 732
16 747
16 835
16 898
16 924
16 945
17 20
17 22
17 28
17 30
17 37
17 38
17 42
17 43
17 47
17 49
17 56
17 96
17 107
17 111
17 116
17 124
17 148
17 158
17 168
17 192
17 225
17 245
17 250
17 264
17 284
17 297
17 298
17 311
17 329
17 351
17 358
17 379
17 383
17 397
17 470
17 479
17 486
17 502
17 579
17 617
17 635
17 639
17 696
17 709
17 723
17 725
17 731
17 742
17 745
17 757
17 790
17 803
17 806
17 817
17 868
17 918
17 938
17 947
17 995
17 997
18 20
18 23
18 25
18 29
18 34
18 37
18 51
18 52
18 55
18 59
18 115
18 145
18 165
18 168
18 177
18 182
18 189
18 228
18 229
18 308
18 343
18 346
18 384
18 392
18 398
18 402
18 405
18 468
18 474
18 490
18 559
18 571
18 609
18 697
18 808
18 810
18 825
18 834
18 991
19 21
19 27
19 35
19 49
19 57
19 60
19 72
19 78
19 105
19 110
19 113
19 120
19 128
19 130
19 136
19 160
19 167
19 195
19 204
19 221
19 242
19 270
19 282
19 309
19 371
19 376
19 436
19 455
19 537
19 543
19 588
19 600
19 624
19 648
19 666
19 710
19 790
19 860
19 865
19 927
19 937
19 938
19 952
19 960
20 79
20 86
20 109
20 145
20 160
20 163
20 186
20 257
20 350
20 356
20 420
20 520
20 611
20 714
20 740
20 747
20 823
20 962
21 38
21 39
21 50
21 53
21 60
21 63
21 64
21 101
21 104
21 119
21 122
21 158
21 198
21 200
21 227
21 250
21 268
21 288
21 309
21 354
21 357
21 367
21 394
21 409
21 456
21 516
21 546
21 548
21 587
21 608
21 618
21 736
21 810
21 866
21 976
21 985
22 28
22 133
22 176
22 199
22 272
22 398
22 433
22 436
22 453
22 518
22 612
22 691
22 759
22 880
23 26
23 33
23 50
23 55
23 83
23 98
23 104
23 105
23 116
23 198
23 200
23 232
23 257
23 271
23 304
23 305
23 346
23 368
23 470
23 472
23 640
23 972
24 27
24 69
24 71
24 190
24 199
24 209
24 212
24 226
24 238
24 283
24 363
24 466
24 538
24 555
24 572
24 584
24 633
24 654
24 699
25 31
25 38
25 41
25 45
25 48
25 84
25 95
25 126
25 146
25 152
25 160
25 166
25 250
25 255
25 274
25 280
25 292
25 345
25 370
25 381
25 400
25 403
25 457
25 460
25 474
25 510
25 582
25 663
25 715
25 800
25 812
25 818
25 882
25 936
25 952
25 957
26 30
26 34
26 41
26 72
26 76
26 87
26 102
26 132
26 143
26 144
26 148
26 170
26 175
26 182
26 185
26 188
26 211
26 221
26 223
26 230
26 322
26 334
26 341
26 347
26 358
26 359
26 412
26 426
26 466
26 521
26 553
26 601
26 603
26 614
26 651
26 677
26 692
26 707
26 750
26 828
26 877
26 899
26 957
26 964
27 29
27 34
27 52
27 66
27 71
27 99
27 100
27 106
27 149
27 153
27 154
27 165
27 170
27 183
27 218
27 220
27 249
27 251
27 289
27 305
27 306
27 310
27 346
27 381
27 387
27 407
27 457
27 462
27 465
27 467
27 559
27 575
27 594
27 614
27 665
27 667
27 697
27 773
27 775
27 823
27 833
27 976
27 979
28 32
28 34
28 39
28 41
28 43
28 44
28 45
28 53
28 69
28 81
28 94
28 128
28 134
28 150
28 151
28 174
28 223
28 245
28 255
28 268
28 329
28 335
28 337
28 344
28 355
28 366
28 377
28 391
28 395
28 425
28 427
28 429
28 435
28 440
28 520
28 601
28 627
28 635
28 746
28 769
28 887
28 980
29 43
29 46
29 53
29 59
29 74
29 78
29 97
29 140
29 149
29 183
29 225
29 234
29 260
29 286
29 411
29 519
29 530
29 571
29 572
29 596
29 638
29 642
29 651
29 673
29 686
29 692
29 734
29 775
29 777
29 811
29 815
29 852
29 917
29 956
30 49
30 51
30 61
30 63
30 70
30 115
30 141
30 154
30 171
30 177
30 227
30 290
30 299
30 318
30 320
30 347
30 399
30 409
30 526
30 599
30 715
30 788
30 791
30 847
30 934
30 946
30 986
31 40
31 76
31 135
31 216
31 217
31 235
31 257
31 260
31 495
31 513
31 519
31 530
31 531
31 683
31 793
32 36
32 62
32 68
32 75
32 82
32 87
32 94
32 108
32 127
32 138
32 163
32 167
32 195
32 196
32 197
32 205
32 221
32 231
32 241
32 254
32 320
32 345
32 387
32 397
32 410
32 435
32 459
32 463
32 579
32 584
32 679
32 708
32 743
32 747
32 774
32 804
32 881
32 893
32 929
33 73
33 88
33 162
33 189
33 293
33 389
33 403
33 417
33 552
33 619
33 735
33 868
33 899
33 919
33 956
34 35
34 42
34 51
34 53
34 57
34 88
34 91
34 102
34 104
34 114
34 120
34 135
34 139
34 154
34 157
34 180
34 191
34 207
34 262
34 279
34 290
34 295
34 305
34 341
34 354
34 372
34 378
34 392
34 409
34 437
34 441
34 456
34 476
34 483
34 526
34 547
34 559
34 624
34 625
34 642
34 646
34 648
34 704
34 708
34 768
34 818
34 826
34 850
34 861
34 893
34 923
34 959
34 968
35 41
35 43
35 51
35 54
35 83
35 85
35 96
35 140
35 159
35 180
35 187
35 190
35 216
35 226
35 240
35 279
35 315
35 345
35 407
35 411
35 450
35 466
35 478
35 536
35 570
35 571
35 641
35 676
35 694
35 737
35 758
35 790
35 797
35 800
35 921
35 936
35 950
36 44
36 77
36 80
36 82
36 118
36 174
36 328
36 357
36 361
36 599
36 618
36 655
36 661
36 766
36 804
36 857
36 884
36 926
36 959
37 86
37 99
37 169
37 229
37 267
37 301
37 384
37 388
37 422
37 492
37 497
37 536
37 602
37 809
37 869
38 49
38 54
38 64
38 69
38 75
38 93
38 104
38 119
38 128
38 133
38 149
38 156
38 206
38 208
38 216
38 222
38 231
38 249
38 280
38 287
38 330
38 334
38 361
38 429
38 434
38 500
38 569
38 667
38 683
38 708
38 713
38 767
38 855
38 891
38 895
38 915
39 53
39 63
39 81
39 107
39 121
39 125
39 133
39 138
39 151
39 156
39 178
39 204
39 209
39 244
39 265
39 318
39 327
39 461
39 494
39 522
39 531
39 558
39 652
39 695
39 863
39 866
39 982
40 62
40 66
40 97
40 117
40 277
40 323
40 331
40 390
40 465
40 472
40 488
40 499
40 505
40 508
40 509
40 706
40 744
40 789
40 810
40 876
40 883
40 887
40 935
40 936
41 58
41 75
41 80
41 92
41 106
41 235
41 251
41 380
41 430
41 443
41 480
41 484
41 616
41 672
41 707
41 722
41 920
41 961
41 993
42 55
42 90
42 96
42 240
42 276
42 368
42 427
42 461
42 533
42 969
43 45
43 48
43 62
43 78
43 86
43 89
43 132
43 145
43 157
43 163
43 202
43 223
43 266
43 277
43 278
43 279
43 295
43 319
43 332
43 335
43 382
43 401
43 426
43 430
43 434
43 441
43 469
43 556
43 566
43 606
43 646
43 718
43 729
43 808
43 996
44 66
44 84
44 334
44 537
44 598
44 605
44 670
44 680
44 687
45 65
45 122
45 265
45 375
45 379
45 601
45 678
45 839
45 944
45 964
46 60
46 477
46 528
46 664
46 763
47 76
47 144
47 161
47 165
47 263
47 297
47 424
47 573
47 995
48 92
48 95
48 183
48 196
48 205
48 210
48 335
48 345
48 351
48 358
48 550
48 738
48 862
49 65
49 98
49 114
49 230
49 483
49 586
49 673
49 694
49 698
49 719
49 742
49 779
49 842
49 846
49 857
49 880
49 955
49 981
50 112
50 155
50 183
50 231
50 239
50 446
50 448
50 478
50 535
50 571
51 77
51 105
51 127
51 184
51 188
51 318
51 356
51 438
51 446
51 523
51 555
51 595
51 786
51 838
52 77
52 96
52 104
52 136
52 155
52 191
52 214
52 278
52 375
52 491
52 669
52 751
52 775
53 69
53 75
53 87
53 101
53 119
53 123
53 167
53 231
53 236
53 243
53 244
53 262
53 299
53 302
53 312
53 314
53 326
53 350
53 389
53 422
53 441
53 548
53 579
53 592
53 659
53 690
53 706
53 723
53 766
53 772
53 873
53 897
53 899
53 968
53 988
54 164
54 201
54 344
54 403
54 428
54 445
54 523
54 539
54 611
54 653
54 743
54 828
54 829
54 962
55 77
55 81
55 96
55 112
55 165
55 181
55 248
55 300
55 310
55 356
55 381
55 428
55 455
55 493
55 495
55 510
55 551
55 575
55 583
55 594
55 615
55 764
55 806
55 935
55 973
56 75
56 95
56 108
56 118
56 164
56 167
56 233
56 253
56 273
56 321
56 365
56 401
56 415
56 421
56 458
56 464
56 472
56 488
56 668
56 719
56 770
56 833
56 934
57 59
57 235
57 246
57 249
57 256
57 298
57 326
57 355
57 507
57 518
57 681
57 762
58 70
58 79
58 91
58 97
58 125
58 229
58 370
58 449
58 496
58 650
58 684
58 855
58 888
58 890
59 74
59 106
59 111
59 124
59 128
59 132
59 153
59 154
59 158
59 161
59 174
59 259
59 276
59 327
59 336
59 412
59 463
59 473
59 485
59 500
59 510
59 521
59 554
59 594
59 647
59 736
59 834
59 872
59 897
59 996
59 998
60 168
60 204
60 218
60 696
60 700
60 738
60 775
60 852
61 67
61 68
61 77
61 85
61 103
61 190
61 214
61 344
61 425
61 504
61 561
61 593
61 655
61 658
61 665
61 774
61 870
61 926
61 930
62 82
62 90
62 131
62 180
62 187
62 269
62 443
62 464
62 512
62 587
62 768
63 88
63 151
63 160
63 212
63 225
63 424
63 528
63 610
63 724
63 796
63 826
63 843
63 865
63 899
64 99
64 138
64 142
64 201
64 251
64 362
64 365
64 388
64 551
64 574
64 639
64 699
64 724
64 853
64 875
64 922
65 98
65 102
65 135
65 153
65 198
65 228
65 239
65 278
65 308
65 310
65 342
65 374
65 387
65 405
65 434
65 481
65 535
65 582
65 606
65 660
65 661
65 776
65 783
65 882
65 912
65 966
66 147
66 197
66 262
66 275
66 340
66 367
66 391
66 520
66 621
66 720
67 107
67 156
67 196
67 307
67 375
67 451
67 504
67 599
67 650
67 835
67 906
68 69
68 73
68 88
68 125
68 150
68 202
68 244
68 293
68 332
68 335
68 447
68 449
68 549
68 631
68 657
68 794
68 805
68 923
68 991
68 992
69 234
69 319
69 334
69 349
69 359
69 494
69 794
70 72
70 85
70 95
70 109
70 126
70 139
70 146
70 195
70 254
70 261
70 279
70 290
70 303
70 487
70 516
70 541
70 548
70 623
70 655
70 674
70 675
70 687
70 733
70 801
70 822
70 823
70 848
70 859
70 926
70 932
70 943
70 974
71 94
71 121
71 170
71 174
71 185
71 250
71 265
71 268
71 280
71 297
71 377
71 541
71 657
71 744
71 789
71 886
71 922
71 947
72 92
72 100
72 164
72 169
72 181
72 269
72 320
72 352
72 426
72 440
72 496
72 575
72 637
72 667
72 721
72 769
72 802
72 905
72 945
73 83
73 86
73 112
73 129
73 147
73 159
73 175
73 189
73 533
73 536
73 652
73 727
73 996
74 110
74 116
74 126
74 129
74 344
74 349
74 425
74 540
74 547
74 853
74 854
74 925
75 274
75 289
75 336
75 620
76 89
76 101
76 157
76 194
76 204
76 205
76 218
76 252
76 310
76 399
76 442
76 585
76 636
76 724
76 750
76 856
76 883
77 139
77 245
77 413
77 459
77 638
77 672
77 718
77 746
78 100
78 120
78 229
78 317
78 340
78 368
78 427
78 430
78 438
78 491
78 553
78 567
78 640
78 760
78 850
78 875
78 940
79 106
79 140
79 322
79 682
79 714
79 992
80 85
80 103
80 105
80 157
80 169
80 409
80 436
80 458
80 648
80 684
80 697
80 736
80 870
80 998
81 86
81 113
81 141
81 151
81 272
81 296
81 337
81 394
81 399
81 433
81 446
81 471
81 487
81 516
81 570
81 581
81 605
81 631
81 674
81 967
82 131
82 143
82 159
82 184
82 200
82 246
82 292
82 392
82 506
82 882
83 109
83 111
83 215
83 262
83 277
83 541
83 628
83 641
83 975
84 235
84 414
85 103
85 128
85 190
85 241
85 243
85 257
85 301
85 304
85 305
85 366
85 387
85 485
85 497
85 525
85 574
85 586
85 640
85 671
85 687
85 733
86 94
86 115
86 129
86 134
86 186
86 206
86 243
86 264
86 277
86 292
86 316
86 328
86 348
86 471
86 473
86 620
86 628
86 757
86 812
86 824
86 986
87 100
87 109
87 129
87 135
87 136
87 138
87 155
87 157
87 171
87 172
87 199
87 221
87 270
87 369
87 378
87 385
87 422
87 469
87 483
87 507
87 547
87 647
87 699
87 707
87 728
87 771
87 773
87 799
87 858
87 861
87 949
88 89
88 91
88 146
88 482
89 99
89 107
89 112
89 141
89 203
89 212
89 243
89 300
89 325
89 351
89 393
89 424
89 426
89 515
89 733
89 734
89 769
89 802
89 879
89 898
89 921
89 949
89 961
90 145
90 161
90 176
90 274
90 464
90 542
90 860
91 180
91 192
91 208
91 217
91 230
91 405
91 415
91 452
91 657
91 748
91 749
91 808
91 971
92 103
92 113
92 175
92 178
92 194
92 212
92 369
92 431
92 457
92 665
92 827
93 126
93 288
93 490
93 508
93 517
93 621
93 663
93 776
93 896
94 111
94 123
94 137
94 146
94 188
94 312
94 341
94 363
94 403
94 419
94 442
94 544
94 595
94 657
94 685
94 925
94 970
95 98
95 116
95 118
95 281
95 295
95 303
95 315
95 425
95 515
95 913
95 963
96 134
96 167
96 283
96 412
96 494
96 538
96 598
96 697
96 752
96 827
96 900
97 141
97 194
97 254
97 382
97 486
97 527
97 625
97 812
97 852
97 940
98 117
98 136
98 205
98 214
98 258
98 276
98 286
98 321
98 415
98 416
98 418
98 436
98 438
98 454
98 463
98 472
98 499
98 652
98 832
98 893
98 900
98 953
99 105
99 110
99 238
99 265
99 390
99 449
99 484
99 490
99 504
99 729
99 747
99 987
100 193
100 207
100 719
100 755
100 951
101 102
101 131
101 158
101 233
101 256
101 463
101 521
101 726
101 792
101 948
102 118
102 132
102 298
102 307
102 518
102 848
102 934
102 981
103 226
103 454
103 479
103 492
103 726
103 865
104 138
104 162
104 218
104 239
104 429
104 576
104 755
104 866
104 871
104 962
105 125
105 161
105 283
105 414
106 108
106 177
106 200
106 216
106 224
106 312
106 316
106 333
106 421
106 469
106 497
106 498
106 514
106 528
106 544
106 591
106 636
106 705
106 743
106 803
106 857
106 909
107 112
107 130
107 137
107 207
107 260
107 272
107 301
107 324
107 479
107 504
107 554
107 617
107 739
107 935
108 122
108 326
108 329
108 332
108 338
108 395
108 437
108 460
108 559
108 693
108 905
109 129
109 186
109 206
109 215
109 293
109 308
109 378
109 472
109 492
109 526
109 532
109 582
109 659
109 761
109 861
109 906
109 997
110 113
110 114
110 142
110 162
110 200
110 300
110 343
110 388
110 407
110 450
110 520
110 528
110 549
110 580
110 684
111 132
111 146
111 152
111 224
111 239
111 275
111 292
111 340
111 364
111 437
111 459
111 466
111 635
111 713
111 750
111 764
111 782
111 921
112 166
112 188
112 261
112 291
112 329
112 347
112 418
112 565
112 699
112 847
113 131
113 156
113 170
113 347
113 370
113 453
113 517
113 660
113 717
113 768
113 840
113 883
113 994
114 133
114 187
114 220
114 228
114 266
114 282
114 342
114 390
114 423
114 440
114 652
114 702
114 718
114 750
114 759
114 959
115 127
115 139
115 141
115 143
115 177
115 196
115 213
115 333
115 346
115 399
115 433
115 449
115 456
115 506
115 565
115 604
115 661
115 729
115 734
115 806
115 813
115 894
115 898
115 968
116 757
116 852
117 217
117 619
117 639
117 770
117 969
118 306
119 123
119 518
119 672
119 766
120 130
120 153
120 310
120 368
120 464
120 486
120 758
120 931
120 959
120 966
121 140
121 175
121 194
121 326
121 336
121 406
121 499
121 507
121 585
121 596
121 651
121 701
121 865
122 143
122 160
122 166
122 224
122 225
122 349
122 360
122 467
122 489
122 493
122 555
122 736
122 762
122 995
123 237
123 560
123 891
123 925
123 943
124 176
124 181
124 218
124 244
124 253
124 267
124 369
124 404
124 452
124 503
124 513
124 590
124 649
124 670
124 702
124 760
124 844
124 908
124 927
124 984
125 208
125 222
125 328
125 331
125 387
125 420
125 525
125 545
125 799
126 229
126 247
126 254
126 300
126 313
126 325
126 390
126 439
126 440
126 481
126 489
126 514
126 554
126 698
126 709
126 727
126 730
126 785
126 793
126 795
126 864
127 210
127 234
127 315
127 454
127 613
127 628
127 711
128 253
128 263
128 274
128 327
128 374
128 590
128 617
128 721
128 753
129 173
129 209
129 296
129 320
129 622
129 656
129 870
130 142
130 297
130 600
130 627
130 796
130 862
130 994
131 206
131 234
131 291
131 460
131 705
131 876
132 144
132 442
132 465
132 509
132 620
132 669
132 765
132 969
133 186
133 348
133 458
133 824
133 863
133 896
133 928
134 143
134 147
134 163
134 222
134 227
134 237
134 311
134 352
134 359
134 366
134 393
134 509
134 539
134 581
134 623
134 710
134 781
135 164
135 166
135 193
135 203
135 222
135 236
135 275
135 291
135 317
135 318
135 432
135 564
135 670
135 690
135 712
135 735
135 861
135 911
136 302
136 340
136 463
137 195
137 201
137 215
137 523
137 683
138 396
138 887
139 147
139 534
139 645
139 900
140 179
140 197
140 204
140 287
140 365
140 417
140 428
140 439
140 731
140 777
140 814
140 949
141 168
141 190
141 192
141 231
141 247
141 323
141 446
141 452
141 465
141 632
141 773
141 930
142 166
142 224
142 282
142 374
142 429
142 525
142 526
142 770
142 819
143 349
143 404
143 524
143 598
143 605
143 626
143 776
144 210
144 296
144 314
144 406
144 550
144 998
145 158
145 240
145 431
145 494
145 540
145 546
145 701
145 909
146 268
146 271
146 299
146 656
146 689
146 872
146 977
147 149
147 325
147 386
147 614
147 629
147 644
147 721
147 955
148 155
148 246
148 339
148 649
148 894
149 217
149 362
149 423
149 536
149 663
149 788
150 210
150 706
150 864
151 312
151 333
151 385
151 465
151 556
151 750
152 180
152 220
152 221
152 248
152 263
152 265
152 269
152 285
152 375
152 480
152 582
152 631
152 633
152 683
152 685
152 819
153 175
153 202
153 288
153 506
153 786
153 919
153 967
154 203
154 362
154 485
154 550
154 611
154 754
154 990
155 386
156 225
156 269
156 280
156 382
156 569
156 839
157 259
157 291
157 302
157 331
157 437
157 515
157 698
157 909
157 914
157 958
158 185
158 267
158 298
158 304
158 525
158 716
158 753
158 784
158 910
159 179
159 191
159 241
159 258
159 336
159 654
160 185
160 217
160 283
160 288
160 475
160 658
160 808
161 192
161 278
161 375
161 401
161 406
161 477
161 633
161 677
161 779
161 942
162 211
162 258
162 317
162 348
162 443
162 525
162 534
162 600
162 901
162 910
162 916
162 928
162 947
163 370
163 468
163 483
163 556
163 591
163 761
163 912
163 918
164 251
164 408
164 855
165 260
165 281
165 351
165 414
165 814
165 993
166 713
166 901
167 179
167 228
167 256
167 325
167 425
167 462
167 468
167 475
167 598
167 694
167 702
167 761
168 182
168 214
168 324
168 410
168 440
168 502
168 543
168 573
168 581
168 587
168 709
168 772
168 802
168 810
168 848
169 184
169 211
169 324
169 431
169 566
169 788
170 268
170 327
170 368
170 517
170 832
170 834
171 247
171 255
171 373
171 408
171 423
171 516
171 632
172 330
172 665
172 842
172 851
173 895
174 353
174 795
174 915
174 927
175 176
175 296
175 360
175 497
175 498
175 672
175 674
176 215
176 675
176 727
176 837
176 987
177 206
177 213
177 475
177 816
179 262
179 372
179 687
179 762
179 791
179 920
179 925
179 976
180 184
180 248
180 324
180 352
180 358
180 421
180 710
180 731
180 900
181 227
181 236
181 267
181 285
181 524
181 594
181 836
181 950
182 186
182 187
182 209
182 238
182 306
182 326
182 332
182 466
182 696
182 722
182 803
183 352
184 304
184 443
184 573
184 622
184 925
184 951
185 281
185 343
185 380
185 439
185 592
185 718
186 357
186 474
186 491
186 950
187 202
187 716
188 374
188 391
188 410
188 602
188 671
188 684
188 705
188 744
188 796
188 811
189 253
189 551
189 703
189 984
190 207
190 458
190 970
191 390
191 445
192 195
192 345
192 401
192 522
192 554
192 639
192 838
192 866
192 875
193 285
193 369
193 403
193 416
193 421
193 552
193 629
193 682
193 715
193 908
194 208
194 216
194 233
194 250
194 331
194 396
194 433
194 438
194 447
194 459
194 476
194 577
194 627
194 639
194 660
195 213
195 313
195 353
195 616
195 681
195 685
195 692
195 723
195 837
195 912
195 929
195 982
196 471
196 741
197 295
197 397
197 421
197 632
197 799
197 835
197 957
198 361
198 438
198 511
198 663
198 671
198 754
198 885
199 242
199 301
199 349
199 394
199 491
199 557
199 567
199 568
199 653
199 792
199 867
199 962
200 202
200 245
200 320
200 513
200 763
201 238
201 348
201 362
201 495
201 653
201 848
202 542
203 259
203 398
203 441
203 475
203 613
203 618
203 631
204 297
204 455
204 703
204 797
204 919
204 924
205 538
205 601
205 637
205 713
205 948
206 270
206 319
206 562
206 616
206 655
206 717
206 749
207 307
207 348
207 500
207 607
207 771
207 992
208 252
208 337
208 377
208 393
208 618
208 695
209 252
209 278
209 435
209 610
209 614
210 358
210 381
210 436
210 502
210 505
210 843
210 984
211 220
211 259
211 272
211 441
211 522
211 688
211 948
212 289
212 328
212 617
212 682
212 949
213 255
213 338
213 901
214 502
214 602
214 853
215 481
215 486
215 656
215 741
216 281
216 353
216 515
216 560
216 724
216 820
216 874
216 930
217 305
217 346
217 347
217 451
217 517
217 765
217 807
217 838
217 882
218 444
219 222
219 254
219 270
219 308
219 409
219 412
219 423
219 620
219 633
219 791
220 284
220 303
220 405
220 473
220 569
220 611
220 619
220 685
220 703
220 720
220 765
220 960
220 975
221 664
222 799
222 856
223 252
223 519
223 727
223 785
223 815
223 836
224 230
224 242
224 289
224 376
224 537
224 588
224 787
224 832
224 837
224 967
225 473
225 677
225 882
226 339
226 570
226 937
227 258
227 481
228 251
228 263
228 316
228 982
229 307
229 319
229 323
229 477
229 490
229 701
229 760
229 913
229 956
230 247
230 279
230 300
230 307
230 343
230 357
230 372
230 391
230 437
230 730
230 864
231 430
231 546
231 576
231 839
232 419
233 282
233 367
233 383
233 478
233 493
233 756
233 868
233 917
234 267
234 373
234 511
234 512
234 818
234 885
234 939
235 325
235 587
235 864
236 258
236 354
236 545
236 635
236 758
236 979
237 249
237 666
237 904
238 287
238 292
238 311
238 538
238 932
239 321
239 407
239 693
239 894
240 273
240 294
241 767
241 797
241 847
241 989
242 501
242 662
242 885
242 981
243 277
243 543
243 646
243 804
243 963
244 245
244 309
244 385
244 462
244 491
244 664
244 686
246 270
246 756
247 332
247 356
247 586
247 792
247 907
248 474
248 594
248 730
249 416
249 455
249 686
249 689
249 912
250 256
250 266
250 359
250 944
251 337
251 360
251 363
251 461
251 678
251 751
251 798
251 819
251 902
252 316
252 607
252 973
253 423
253 470
253 630
253 704
253 711
253 786
253 836
253 987
254 476
254 574
255 342
255 445
255 547
255 877
255 959
256 367
256 553
256 900
257 400
257 645
258 276
258 293
258 299
258 303
258 314
258 397
258 535
259 675
260 291
260 406
260 428
260 460
260 564
260 575
260 602
260 634
260 732
260 737
260 763
260 805
261 283
261 581
261 740
262 384
262 400
262 566
262 644
262 780
262 798
262 960
263 544
263 551
263 820
264 376
264 489
264 523
264 608
264 612
264 650
264 780
264 949
265 309
265 344
265 678
266 313
266 395
266 503
266 529
266 878
267 353
267 578
268 271
268 343
268 553
268 643
269 823
269 864
269 923
270 405
270 558
270 660
270 743
270 820
270 874
271 360
271 413
271 524
271 957
272 355
272 406
272 457
272 527
272 552
272 851
273 453
273 532
273 753
274 451
274 687
274 774
274 862
274 920
274 952
275 407
275 485
275 597
275 720
275 722
275 796
275 825
276 448
276 487
277 340
277 389
277 402
277 458
277 460
277 634
277 700
277 909
278 364
278 415
278 514
278 709
278 790
278 954
279 535
279 660
280 422
280 426
280 485
280 535
280 538
280 577
280 653
280 662
280 897
281 353
281 492
281 540
281 818
282 302
282 380
282 494
282 578
282 579
283 488
283 868
284 311
284 356
284 505
284 658
285 286
285 712
285 813
285 820
285 935
286 586
286 779
286 939
288 355
288 457
288 632
288 667
288 693
288 955
288 973
289 317
289 427
289 443
289 733
290 542
291 870
291 890
293 316
293 420
293 461
293 545
294 299
294 442
294 807
295 765
295 985
296 496
296 605
296 755
296 781
296 826
296 941
296 948
297 386
297 408
297 496
297 740
298 445
298 490
298 560
298 603
298 710
298 789
299 388
299 481
299 724
299 736
300 748
301 376
301 550
301 558
301 610
301 619
301 749
301 756
301 837
301 838
301 846
301 851
301 895
301 988
303 306
303 376
303 761
304 585
305 630
305 940
306 335
306 338
306 398
306 522
306 539
306 556
306 700
306 901
307 497
307 508
307 606
307 968
308 339
308 359
308 584
308 625
308 794
309 379
309 467
309 561
309 564
309 742
309 990
310 393
310 739
310 933
311 399
311 402
311 477
311 498
311 529
311 599
311 615
311 809
311 874
311 918
311 941
312 323
312 352
312 363
312 418
312 432
312 840
313 408
313 432
313 499
313 669
313 854
314 647
314 785
314 905
315 595
315 673
316 328
316 612
316 673
316 812
316 990
317 444
317 506
318 496
319 339
319 413
319 444
319 832
319 849
320 364
320 592
320 870
320 904
321 414
321 504
321 762
321 954
322 379
322 590
322 903
323 856
324 341
324 585
324 633
324 809
325 371
325 414
325 479
325 550
325 623
325 653
325 668
325 783
326 814
326 824
326 865
327 501
327 572
327 745
328 777
328 843
329 372
329 604
329 983
330 370
330 419
330 448
330 727
330 972
331 386
331 455
331 523
331 782
331 985
332 369
332 541
332 995
334 386
334 674
334 818
334 869
334 873
335 488
335 716
335 807
336 337
336 478
336 579
336 636
336 729
336 772
336 884
337 499
337 630
337 933
337 936
337 947
338 365
338 380
338 428
338 566
338 841
338 906
339 462
339 537
339 615
339 950
339 979
340 383
340 392
340 393
340 748
340 902
341 570
341 799
341 886
342 483
342 544
343 424
343 615
343 623
343 922
344 503
344 622
344 638
344 761
344 875
345 450
345 456
345 459
345 825
345 946
346 450
346 591
346 604
346 695
346 807
346 963
347 719
347 779
347 939
348 363
348 681
348 883
349 482
350 755
350 785
350 805
351 591
352 553
352 802
352 871
352 873
353 411
353 435
353 532
353 621
353 728
353 739
353 758
353 828
353 930
354 530
355 449
355 513
356 484
356 626
356 806
356 863
356 885
356 895
357 604
357 801
357 890
358 454
358 689
358 904
359 372
359 419
359 467
359 526
359 529
359 644
359 738
359 842
360 366
360 563
360 584
360 759
360 903
361 464
361 534
361 777
361 849
362 410
362 518
362 755
363 394
363 434
363 661
363 889
364 510
364 564
364 568
364 646
365 411
365 469
365 557
365 731
366 482
367 625
367 760
367 878
367 912
367 991
368 382
368 389
368 404
368 473
368 577
368 578
368 603
368 641
368 823
368 829
369 571
369 595
369 645
369 827
370 404
370 816
370 817
371 559
371 566
371 840
372 493
372 859
373 479
373 757
374 577
374 675
374 735
374 966
375 385
375 503
375 707
375 929
377 563
377 626
377 680
377 748
377 955
378 444
378 446
378 748
378 819
378 883
380 576
381 700
381 885
382 422
382 467
383 396
383 448
383 984
384 417
384 445
384 911
385 474
385 508
385 528
386 470
386 612
386 661
386 691
387 489
387 501
387 606
387 672
387 937
387 978
388 511
388 531
388 555
388 596
389 432
389 477
389 683
390 573
390 789
390 891
390 923
391 708
391 960
392 712
393 418
393 512
393 521
393 881
394 637
394 681
394 752
394 809
394 927
395 430
395 926
397 892
397 965
398 783
398 892
399 519
399 758
399 845
400 678
400 791
400 830
400 929
401 416
401 546
401 578
401 871
401 880
401 998
402 476
402 648
402 659
402 804
402 989
403 590
403 615
404 973
405 486
407 498
407 845
408 415
408 488
408 527
408 561
408 588
408 613
408 622
408 778
408 999
409 471
409 498
409 541
409 597
409 722
409 763
409 765
410 584
410 635
410 760
410 780
411 872
412 487
413 470
413 967
414 965
415 720
416 478
417 432
417 450
417 616
417 658
417 965
418 729
421 828
421 843
423 564
423 963
424 903
425 673
426 540
426 671
426 857
427 583
427 771
428 469
428 622
428 961
429 869
430 717
432 946
433 763
433 856
434 602
434 630
434 767
434 944
435 821
435 919
436 716
437 451
437 468
437 500
437 813
437 977
438 585
438 860
438 880
439 767
439 831
440 501
440 560
440 643
440 892
441 468
441 774
443 787
443 811
443 915
444 456
444 563
444 603
444 769
445 626
445 717
445 730
445 775
446 743
446 831
446 897
446 985
448 759
448 877
448 935
449 924
450 502
451 634
451 868
452 453
452 793
452 941
453 593
454 659
455 558
455 695
456 604
456 678
456 734
456 784
456 824
456 834
457 629
457 636
459 792
459 890
459 904
460 958
461 548
461 841
462 565
463 616
463 745
463 786
463 829
463 850
463 889
465 513
465 628
465 833
465 924
466 721
466 812
467 690
467 958
467 977
468 658
468 746
468 898
469 656
469 688
469 798
469 867
470 565
471 509
471 561
471 572
471 751
471 793
471 814
472 851
472 866
472 954
472 976
473 542
475 549
475 704
475 986
476 495
476 975
477 654
477 737
477 831
478 784
478 791
478 862
478 918
479 609
479 640
479 835
480 822
480 826
482 574
482 583
482 588
482 676
482 764
482 795
482 892
482 933
482 964
483 544
483 726
484 702
484 968
485 505
485 509
485 511
486 589
486 619
486 933
487 593
487 772
487 923
488 572
488 991
490 589
490 738
490 821
490 876
490 992
493 779
494 545
494 573
495 691
495 735
495 843
495 921
496 972
497 567
497 654
497 851
498 598
498 630
498 651
498 773
498 953
499 593
499 596
499 829
499 977
499 987
500 932
501 587
501 813
501 985
502 578
502 978
503 649
504 574
504 659
504 903
505 646
505 675
505 706
505 833
506 549
506 717
507 788
508 714
509 531
509 589
509 770
510 514
510 992
511 552
512 982
515 527
515 607
515 904
516 529
516 772
516 857
517 577
517 725
518 718
518 730
520 563
520 618
520 836
521 846
522 690
523 911
524 607
524 617
524 983
525 642
525 781
527 536
527 668
528 552
529 721
530 533
530 576
530 693
530 728
530 920
531 583
531 738
532 568
533 557
533 784
533 853
533 915
534 562
534 636
535 562
536 679
536 688
536 939
536 989
537 771
537 942
538 581
538 631
539 647
540 562
540 754
541 671
541 756
541 769
541 778
541 906
542 746
543 768
543 987
543 993
543 997
544 956
545 819
546 569
546 698
547 610
547 669
548 988
549 739
549 803
549 899
550 682
550 879
552 557
552 863
553 640
553 641
553 967
554 670
554 800
554 878
554 978
555 745
555 982
557 811
557 905
557 928
557 994
558 608
558 872
559 744
559 863
561 840
564 732
566 787
566 869
567 627
567 990
568 593
571 600
571 677
571 795
571 907
572 642
574 575
574 663
574 887
575 815
577 733
577 908
578 741
579 603
579 634
579 726
582 642
582 884
583 740
583 999
584 638
584 714
584 816
586 841
587 609
587 776
587 794
588 780
588 988
589 753
589 917
590 836
590 945
591 662
592 691
592 711
594 600
594 611
594 623
594 668
594 817
594 950
595 613
595 676
595 685
595 725
595 744
595 745
595 878
596 662
597 695
597 932
598 629
599 961
600 845
600 859
600 869
603 692
605 861
605 867
606 698
606 970
607 840
607 929
608 764
608 808
609 707
609 841
612 716
613 768
613 945
614 752
615 971
617 813
618 914
618 951
619 650
619 680
620 643
620 931
621 644
621 930
623 664
623 764
623 832
623 879
625 638
625 705
625 786
625 877
625 951
625 994
626 942
627 778
627 911
630 711
632 909
633 703
635 722
636 920
637 643
637 845
639 871
640 916
641 715
645 827
645 862
646 693
648 803
648 873
650 811
650 822
651 723
651 908
651 945
652 666
652 835
653 965
655 694
655 713
655 781
656 680
656 944
657 954
658 686
660 809
661 691
661 710
662 892
663 948
664 821
664 907
665 805
667 821
667 854
668 896
669 709
669 742
669 833
669 911
671 776
673 782
676 728
677 980
678 740
678 800
681 749
681 910
681 974
681 976
682 958
683 787
683 995
687 689
687 815
687 837
687 846
689 725
690 898
691 711
692 805
692 856
692 903
693 827
693 849
694 728
696 972
696 981
697 834
698 734
698 739
698 747
698 831
699 712
699 757
700 902
703 901
704 782
706 830
708 873
708 943
708 999
709 759
709 979
710 889
712 800
712 890
713 754
715 780
715 886
716 926
717 907
718 921
719 726
720 963
721 916
724 825
726 814
728 886
728 927
733 910
734 858
735 830
735 902
736 782
739 937
740 842
741 962
742 990
743 993
744 860
744 980
745 844
746 958
748 807
749 922
750 880
752 785
752 879
753 996
754 766
754 810
757 783
758 826
758 956
760 766
760 793
761 937
761 981
762 817
763 941
764 815
764 914
764 997
765 839
765 852
766 828
766 854
767 798
769 915
770 801
777 867
778 798
780 781
784 969
787 871
788 896
788 917
790 796
791 934
793 821
793 830
795 974
802 806
802 989
808 867
817 973
818 951
819 845
819 943
820 822
820 855
820 902
820 972
824 895
824 970
825 850
825 983
826 928
827 858
832 905
834 854
835 989
836 986
837 999
840 888
840 936
842 984
844 942
847 916
852 886
854 971
861 908
864 922
864 947
864 966
874 919
876 889
876 971
878 913
880 946
880 952
882 978
884 931
886 946
887 897
891 940
899 931
901 918
904 940
909 938
915 975
920 938
925 966
926 965
929 939
929 997
932 964
937 996
947 983
947 999
949 954
952 974
956 964
962 998
972 980
