0 19
0 63
0 107
0 230
0 265
0 372
0 409
0 486
0 510
0 711
0 733
0 840
0 872
0 985
1 26
1 118
1 408
1 424
1 441
1 479
1 582
1 597
1 716
1 801
1 861
2 98
2 149
2 365
2 408
2 502
2 645
2 664
2 872
3 60
3 151
3 402
3 417
3 504
3 646
3 798
3 822
3 841
3 931
3 957
3 981
4 31
4 52
4 164
4 247
4 402
4 564
4 638
4 653
4 698
4 851
4 863
4 871
4 947
4 955
5 28
5 259
5 512
5 516
5 683
5 741
5 777
5 820
5 915
6 32
6 192
6 206
6 437
6 477
6 595
6 600
6 625
6 925
6 943
7 40
7 175
7 183
7 490
7 595
7 636
7 973
7 981
8 10
8 28
8 60
8 102
8 212
8 238
8 258
8 439
8 591
8 663
8 734
8 869
8 898
8 921
9 23
9 56
9 247
9 317
9 330
9 371
9 703
9 821
9 839
9 866
9 904
9 912
10 161
10 230
10 504
10 520
10 648
10 732
11 43
11 45
11 52
11 254
11 269
11 363
11 379
11 477
11 512
11 613
11 727
11 988
12 124
12 466
12 498
12 591
12 662
12 705
12 744
12 788
12 848
12 908
12 982
12 983
13 98
13 127
13 482
13 727
13 780
13 798
13 873
13 915
14 20
14 21
14 51
14 84
14 337
14 477
14 562
14 716
14 719
14 846
15 22
15 69
15 293
15 333
15 382
15 397
15 487
15 508
15 568
15 606
15 648
15 653
15 655
15 744
15 878
15 953
16 25
16 67
16 160
16 339
16 404
16 546
16 551
16 600
16 697
17 83
17 146
17 162
17 183
17 203
17 305
17 507
17 514
17 563
17 754
17 803
17 947
18 170
18 225
18 259
18 338
18 376
18 588
18 616
18 641
18 952
18 967
19 22
19 56
19 186
19 396
19 787
19 939
20 30
20 407
20 483
20 661
20 747
20 796
20 892
20 900
21 90
21 101
21 131
21 210
21 274
21 356
21 375
21 424
21 495
21 540
21 615
21 654
21 671
21 767
21 820
21 894
21 915
22 187
22 197
22 259
22 311
22 423
22 442
22 587
22 723
22 823
22 866
22 911
22 971
23 51
23 96
23 240
23 295
23 625
23 773
23 841
24 337
24 357
24 380
24 500
24 541
24 598
24 718
25 51
25 102
25 210
25 341
25 348
25 373
25 442
25 685
25 829
25 873
25 875
26 133
26 134
26 715
26 777
26 795
27 126
27 180
27 245
27 251
27 347
27 413
27 457
27 508
27 720
27 968
27 974
28 45
28 72
28 144
28 168
28 326
28 348
28 359
28 496
28 598
28 933
29 153
29 202
29 536
29 599
29 605
29 625
29 680
29 685
29 763
29 791
29 852
30 120
30 122
30 296
30 636
30 690
30 843
30 855
31 347
31 389
31 452
31 527
31 588
31 793
32 249
32 309
32 333
32 539
32 959
32 969
33 161
33 163
33 520
33 579
33 651
33 655
33 659
33 663
33 744
33 785
33 789
33 827
33 863
33 981
34 89
34 157
34 175
34 286
34 347
34 390
34 588
34 614
34 747
34 844
34 934
34 982
35 300
35 351
35 476
35 525
35 555
35 676
35 792
35 958
36 54
36 192
36 406
36 516
36 677
36 773
36 830
37 229
37 406
37 581
37 599
37 604
37 646
37 647
38 86
38 182
38 232
38 331
38 474
38 518
38 541
38 560
38 600
38 621
38 908
38 951
39 182
39 438
39 462
39 668
39 916
39 966
40 58
40 193
40 227
40 351
40 509
40 547
40 923
40 927
40 965
41 338
41 356
41 389
41 394
41 497
41 680
41 681
41 697
41 755
41 853
42 81
42 205
42 246
42 488
42 549
42 683
42 696
42 836
43 151
43 606
43 628
43 659
43 746
43 947
44 229
44 503
44 560
44 716
44 816
44 926
44 944
45 105
45 214
45 276
45 463
45 535
45 565
45 597
45 606
45 940
45 954
46 103
46 204
46 209
46 294
46 434
46 447
46 516
46 582
46 663
46 734
46 790
46 807
46 818
46 838
46 969
47 162
47 163
47 185
47 191
47 214
47 326
47 345
47 388
47 425
47 624
47 770
47 883
47 976
48 69
48 132
48 175
48 183
48 307
48 337
48 640
48 989
49 83
49 203
49 347
49 398
49 526
49 616
49 653
49 943
50 201
50 297
50 364
50 381
50 462
50 533
50 728
50 912
51 149
51 395
51 591
51 613
51 685
51 708
51 718
51 983
51 988
52 118
52 129
52 149
52 216
52 223
52 554
52 566
52 636
52 662
52 689
52 692
52 754
52 848
52 934
52 996
53 369
53 413
53 493
53 583
53 641
53 695
53 738
53 769
53 799
53 931
53 959
53 990
54 177
54 270
54 365
55 165
55 176
55 232
55 235
55 249
55 341
55 364
55 537
55 613
55 697
55 716
55 773
55 792
55 818
55 854
55 911
55 997
56 125
56 193
56 354
56 355
56 572
56 581
56 708
56 778
56 944
56 948
57 110
57 470
57 558
57 704
57 800
57 801
57 924
57 943
57 955
58 74
58 138
58 208
58 214
58 311
58 415
58 556
58 630
58 675
58 704
58 732
58 882
59 152
59 265
59 289
59 297
59 379
59 419
59 483
59 543
59 575
59 649
59 702
59 776
59 989
60 168
60 184
60 388
60 431
60 578
60 616
60 722
60 830
60 840
60 889
60 947
61 112
61 145
61 223
61 408
61 425
61 460
61 782
61 907
61 924
61 957
62 320
62 322
62 474
62 520
62 611
62 651
62 652
62 724
62 725
62 937
63 321
63 495
63 520
63 584
63 687
63 704
63 706
63 735
63 762
63 851
64 268
64 350
64 423
64 596
64 628
64 631
64 792
64 797
64 868
64 881
65 84
65 100
65 192
65 285
65 586
65 735
65 796
66 109
66 168
66 277
66 286
66 311
66 330
66 441
66 686
66 828
67 104
67 341
67 377
67 418
67 462
67 471
67 621
67 773
67 849
67 896
67 988
68 147
68 211
68 261
68 284
68 393
68 490
68 502
68 541
68 915
68 941
69 196
69 463
69 507
69 509
69 534
69 718
69 769
69 841
69 978
70 168
70 207
70 289
70 321
70 354
70 720
70 748
70 801
70 804
70 946
70 949
71 206
71 221
71 383
71 500
71 560
71 561
71 621
71 770
71 795
71 800
71 810
71 831
72 173
72 188
72 208
72 344
72 688
72 816
72 848
72 999
73 163
73 367
73 380
73 494
73 506
73 540
73 593
73 616
73 711
73 806
73 961
74 141
74 322
74 409
74 502
74 522
74 619
74 624
74 652
74 726
74 728
74 943
75 227
75 288
75 351
75 368
75 378
75 466
75 624
75 693
75 721
75 975
76 115
76 218
76 271
76 342
76 516
76 785
76 803
77 94
77 110
77 267
77 330
77 426
77 451
77 517
77 573
77 590
77 664
77 725
77 818
77 905
77 940
78 172
78 333
78 378
78 739
78 740
78 765
78 860
78 996
79 123
79 196
79 224
79 658
79 690
79 748
79 834
79 904
80 93
80 95
80 152
80 251
80 325
80 531
80 555
80 658
80 684
80 944
81 159
81 165
81 245
81 287
81 466
81 484
81 536
81 573
81 819
81 827
81 967
82 147
82 249
82 326
82 416
82 450
82 581
82 608
82 946
83 124
83 198
83 606
83 614
83 680
83 782
83 889
83 960
84 110
84 190
84 375
84 454
84 494
84 498
84 555
84 616
84 708
84 841
85 94
85 171
85 196
85 284
85 330
85 563
85 573
85 635
85 736
85 926
85 993
85 996
86 105
86 194
86 347
86 394
86 396
86 582
86 631
86 846
86 933
86 948
87 107
87 142
87 168
87 292
87 412
87 583
87 749
87 943
88 169
88 438
88 543
88 883
88 984
89 118
89 304
89 366
89 507
89 513
89 558
89 583
89 591
89 612
89 615
89 708
89 803
90 103
90 106
90 261
90 303
90 429
90 553
90 608
90 719
90 758
90 969
91 348
91 405
91 470
91 471
91 476
91 530
91 542
91 694
91 699
91 763
91 767
92 429
92 672
92 731
92 734
92 765
92 980
93 160
93 242
93 311
93 344
93 366
93 425
93 667
93 724
93 780
94 195
94 358
94 549
95 96
95 119
95 124
95 254
95 343
95 543
95 596
95 716
95 718
96 169
96 205
96 636
96 866
96 986
97 253
97 264
97 315
97 430
97 539
97 592
97 662
97 684
97 725
97 727
97 743
98 102
98 202
98 330
98 352
98 364
98 380
98 399
98 449
98 453
98 670
99 128
99 307
99 436
99 510
99 530
99 671
99 753
99 768
99 857
99 893
99 944
99 962
100 226
100 256
100 369
100 446
100 472
100 542
100 788
100 826
100 828
101 118
101 131
101 156
101 375
101 464
101 510
101 546
101 743
101 758
102 158
102 203
102 266
102 354
102 355
102 391
102 666
102 743
102 997
103 138
103 170
103 264
103 441
103 537
103 594
103 661
103 709
103 733
103 944
103 953
104 199
104 319
104 487
104 699
104 825
104 933
105 116
105 182
105 220
105 221
105 252
105 307
105 310
105 715
105 732
106 107
106 131
106 384
106 778
106 898
107 119
107 205
107 331
107 432
107 719
107 724
107 839
107 853
108 232
108 544
108 624
108 789
108 884
109 123
109 163
109 354
109 620
109 846
109 891
110 173
110 260
110 411
110 523
110 540
110 594
110 629
110 673
110 681
110 690
110 776
110 897
110 933
110 974
111 179
111 241
111 464
111 580
111 710
111 812
111 846
111 995
112 365
112 376
112 409
112 530
112 701
112 896
112 935
113 123
113 221
113 256
113 284
113 471
113 740
113 771
113 795
113 957
113 966
114 135
114 183
114 258
114 319
114 391
114 864
115 164
115 186
115 347
115 404
115 485
115 494
115 659
115 663
115 809
115 810
115 913
116 252
116 264
116 296
116 619
116 710
116 725
116 749
116 761
116 877
116 975
117 157
117 286
117 299
117 415
117 434
117 610
117 704
117 773
117 830
117 863
118 152
118 264
118 351
118 353
118 494
118 511
118 664
118 682
118 684
118 694
118 935
119 137
119 328
119 353
119 434
119 498
119 598
119 625
119 655
119 698
119 838
119 897
120 128
120 135
120 281
120 486
120 661
120 664
120 827
120 911
120 940
120 989
121 134
121 209
121 273
121 298
121 311
121 362
121 610
121 718
122 197
122 325
122 339
122 529
122 588
122 937
122 952
123 177
123 198
123 286
123 500
123 505
123 577
123 625
123 804
123 952
123 977
124 130
124 157
124 893
124 915
124 985
125 217
125 291
125 432
125 561
125 687
126 159
126 251
126 394
126 731
126 813
126 873
126 939
127 145
127 243
127 357
127 643
127 655
127 827
128 146
128 293
128 320
128 390
128 406
128 480
128 543
128 623
128 761
128 795
128 900
129 183
129 247
129 306
129 444
129 463
129 519
129 536
129 611
129 614
129 637
130 180
130 409
130 613
130 619
130 707
130 716
130 749
130 800
130 882
130 914
131 241
131 524
131 690
131 909
131 947
132 231
132 289
132 300
132 319
132 501
132 517
132 583
132 855
132 963
133 171
133 191
133 416
133 493
133 501
133 567
133 770
133 783
134 231
134 323
134 347
134 433
134 535
134 542
134 625
134 650
134 743
134 838
134 889
134 989
135 228
135 305
135 526
135 541
135 677
135 911
136 174
136 262
136 288
136 381
136 564
136 658
136 734
136 747
136 815
136 847
136 980
136 982
137 245
137 285
137 337
137 339
137 474
137 486
137 628
137 643
137 682
137 806
138 190
138 303
138 369
138 488
138 490
138 579
138 644
138 775
138 790
138 813
139 182
139 246
139 247
139 305
139 387
139 434
139 476
139 622
139 644
139 872
139 880
139 902
139 934
139 944
139 947
139 961
140 165
140 195
140 324
140 402
140 464
140 635
140 815
140 953
141 208
141 281
141 322
141 586
141 599
141 718
141 780
141 781
141 823
141 903
142 257
142 355
142 404
142 450
142 472
142 519
142 635
142 931
143 209
143 288
143 341
143 420
143 538
143 576
143 607
143 762
143 894
143 927
144 153
144 362
144 761
144 817
144 932
144 949
144 960
145 251
145 292
145 329
145 391
145 407
145 456
145 631
145 668
145 673
145 741
145 854
145 868
145 971
146 289
146 309
146 483
146 487
146 503
146 630
146 732
146 784
146 853
146 875
146 878
146 879
146 945
147 225
147 248
147 431
147 444
147 740
147 824
148 275
148 293
148 449
148 645
148 691
148 940
148 973
149 191
149 330
149 419
149 428
150 183
150 533
150 819
151 181
151 253
151 260
151 349
151 552
151 644
151 670
151 832
151 852
152 175
152 284
152 452
152 591
152 651
152 775
152 835
152 863
152 927
153 158
153 310
153 366
153 546
153 633
153 685
153 761
153 765
153 810
153 943
154 208
154 260
154 399
154 427
154 456
154 525
154 625
154 688
154 795
154 852
154 853
154 888
154 921
155 372
155 388
155 476
155 624
155 755
155 839
155 877
155 974
156 295
156 325
156 330
156 510
156 528
156 591
156 790
156 795
157 276
157 300
157 390
157 434
157 658
157 694
157 916
157 966
158 254
158 310
158 356
158 516
158 524
158 745
158 811
158 819
158 957
158 997
159 198
159 449
159 514
159 561
159 776
159 889
159 895
160 193
160 204
160 225
160 293
160 328
160 380
160 407
160 562
160 674
160 697
160 816
160 953
161 233
161 237
161 274
161 286
161 429
161 503
161 574
161 664
161 777
161 788
161 836
161 880
161 888
161 909
161 967
162 274
162 848
163 248
163 328
163 367
163 498
163 604
163 765
163 788
163 849
163 857
163 970
164 207
164 441
164 634
164 635
164 697
164 819
164 837
164 958
165 188
165 305
165 404
165 740
165 757
165 758
165 838
165 849
165 852
165 929
166 189
166 284
166 517
166 542
166 932
167 181
167 243
167 386
167 454
167 526
167 569
168 169
168 303
168 397
168 529
168 565
168 622
168 633
168 888
168 902
168 999
169 516
169 622
169 672
169 813
169 889
169 999
170 417
170 422
170 470
170 757
171 173
171 199
171 386
171 457
171 573
171 784
171 833
171 851
171 953
171 997
172 244
172 246
172 350
172 362
172 428
172 448
172 460
172 484
172 700
172 724
172 765
172 822
172 827
172 849
172 868
172 887
173 183
173 445
173 496
173 596
173 622
173 848
174 212
174 226
174 416
174 493
174 572
174 947
175 257
175 402
175 586
175 862
176 186
176 213
176 318
176 565
176 590
177 198
177 205
177 213
177 238
177 642
177 820
177 900
178 184
178 194
178 264
178 318
178 683
178 697
178 742
178 746
178 796
178 818
178 875
178 899
178 922
178 995
179 358
179 407
179 450
179 512
179 602
179 699
179 774
179 829
179 933
180 212
180 261
180 299
180 618
180 871
180 897
180 965
181 335
181 409
181 468
181 733
181 911
182 206
182 210
182 340
182 389
182 445
182 766
182 985
183 218
183 528
183 788
183 859
183 929
183 968
184 213
184 730
184 756
184 768
184 796
184 878
184 917
185 696
185 706
185 785
185 855
185 949
186 473
186 529
186 590
186 680
186 725
186 728
186 806
187 612
187 628
187 666
187 753
187 942
188 213
188 483
188 502
188 549
188 649
188 876
188 893
188 944
189 292
189 351
189 381
189 515
189 530
189 672
189 694
189 854
189 899
189 910
190 222
190 495
190 647
190 653
190 708
190 819
190 884
190 898
190 989
191 226
191 284
191 407
191 454
191 499
191 552
191 568
191 627
191 629
191 646
191 664
191 674
191 981
192 235
192 572
192 600
192 606
192 717
192 807
192 855
192 879
192 906
192 923
193 416
193 418
193 426
193 526
193 587
193 623
193 683
193 997
194 307
194 373
194 393
194 717
195 327
195 591
195 702
195 768
195 893
195 901
195 928
195 949
196 239
196 574
196 735
196 827
196 848
196 970
197 230
197 279
197 365
197 526
197 599
197 626
197 652
197 777
197 992
198 311
198 312
198 387
198 430
198 464
198 879
198 892
198 909
199 201
199 296
199 358
199 432
199 674
199 711
199 748
199 770
199 788
199 793
199 960
199 975
200 232
200 248
200 271
200 440
200 624
200 713
200 798
200 958
201 222
201 227
201 232
201 309
201 438
201 556
201 571
201 665
201 687
201 801
201 856
201 998
202 225
202 273
202 342
202 379
202 395
202 446
202 813
202 817
202 890
203 388
203 424
203 618
203 677
203 684
203 685
203 696
203 744
203 835
204 290
204 406
204 466
204 552
204 559
204 746
204 753
204 793
204 798
204 880
204 991
205 221
205 319
205 322
205 347
205 472
205 713
205 944
206 257
206 361
206 526
206 592
206 824
206 878
206 990
207 245
207 271
207 331
207 401
207 480
207 496
207 578
207 737
207 795
207 818
207 969
207 991
208 277
208 531
208 600
208 628
208 682
208 687
208 743
208 759
208 771
208 789
208 895
208 896
208 902
208 987
209 359
209 428
209 487
209 501
209 532
209 743
209 813
209 857
209 967
210 251
210 279
210 361
210 403
210 424
210 560
210 578
210 756
210 911
210 968
211 373
211 413
211 503
211 605
211 635
211 764
211 933
211 984
212 285
212 340
212 421
212 426
212 569
212 601
212 656
212 920
213 216
213 218
213 432
213 489
213 858
214 232
214 251
214 681
214 696
214 943
214 953
215 228
215 468
215 521
215 534
215 537
215 573
215 584
215 663
216 496
216 670
216 712
216 937
216 952
217 388
217 507
217 540
217 674
217 683
217 877
217 885
217 898
217 913
217 920
217 990
218 289
218 316
218 338
218 430
218 578
218 621
218 896
218 923
219 324
219 729
219 910
220 250
220 309
220 319
220 329
220 476
220 682
220 793
220 872
220 931
220 977
220 994
221 344
221 542
221 576
221 719
221 737
221 780
221 903
221 941
221 979
222 478
222 503
222 572
223 239
223 474
223 784
223 812
223 813
223 814
224 299
224 400
224 430
224 583
224 598
224 731
224 843
224 862
225 495
225 567
225 733
225 860
225 896
225 995
226 261
226 370
226 410
226 450
226 545
226 759
226 778
226 928
226 995
227 525
227 622
227 721
227 763
227 976
227 992
228 282
228 334
228 512
228 641
228 697
228 778
228 938
229 338
229 566
229 625
229 684
229 791
229 900
229 916
230 242
230 504
230 650
231 232
231 331
231 844
231 913
231 962
231 989
232 324
232 416
232 728
232 910
232 951
233 248
233 311
233 362
233 368
233 414
233 523
233 576
233 590
233 641
233 660
233 705
233 728
233 783
233 813
233 814
233 902
234 456
234 462
234 479
234 481
234 590
234 974
235 305
235 336
235 681
235 797
235 878
235 886
235 912
236 243
236 268
236 311
236 318
236 393
236 420
236 504
236 578
236 793
236 913
236 952
236 978
237 302
237 463
237 502
237 549
237 592
237 687
237 850
237 938
237 971
238 355
238 396
238 514
238 544
238 704
238 982
239 621
239 720
239 783
240 291
240 407
240 436
240 531
240 760
240 849
240 900
240 977
241 398
241 520
241 534
241 585
241 643
241 701
241 943
241 995
242 278
242 374
242 383
242 431
242 655
242 716
242 778
242 809
242 829
242 875
243 313
243 421
243 432
243 470
243 501
243 710
243 814
243 829
243 985
243 997
244 318
244 349
244 555
244 655
244 936
245 450
245 480
245 562
245 572
245 752
245 759
245 792
245 924
246 375
246 525
246 700
246 727
246 759
246 785
247 287
247 291
247 353
247 392
247 396
247 741
248 264
248 281
248 289
248 303
248 503
248 556
248 566
248 670
248 742
248 769
248 822
248 855
249 303
249 406
249 421
249 440
249 642
249 879
249 923
249 947
249 984
250 334
250 483
250 606
250 655
250 664
250 677
250 710
250 765
250 771
251 287
251 293
251 435
251 587
251 744
251 818
251 855
251 878
252 721
252 727
252 794
252 825
252 856
252 870
252 925
253 320
253 450
253 466
253 655
253 725
253 846
253 909
253 954
254 289
254 493
254 699
254 888
254 944
254 981
255 372
255 413
255 751
255 807
255 923
256 382
256 734
256 746
256 773
256 946
257 330
257 611
257 746
257 817
257 831
257 957
257 966
258 278
258 617
258 640
258 845
258 908
258 955
259 410
259 555
259 561
259 573
259 714
259 814
259 817
259 932
259 978
260 507
260 750
260 993
261 526
261 684
261 795
261 930
262 343
262 503
262 816
263 350
263 382
263 397
263 731
263 829
263 834
263 915
264 338
264 530
264 925
265 515
265 516
265 526
266 328
266 642
266 671
266 799
266 971
266 993
267 383
267 399
267 444
267 655
268 328
268 429
268 632
268 680
268 716
268 899
268 942
269 320
269 411
269 414
269 452
269 530
269 570
269 630
269 707
269 758
269 805
269 836
270 290
270 445
270 699
270 704
270 840
270 858
270 935
270 964
271 371
271 407
271 566
271 590
271 624
271 758
271 846
271 852
271 947
272 293
272 839
272 913
272 986
273 292
273 516
273 538
273 616
273 632
273 651
273 765
273 767
273 775
273 818
273 821
274 380
274 438
274 480
274 636
274 819
274 822
274 829
274 880
275 342
275 437
275 508
275 524
275 563
275 576
275 646
275 724
275 755
275 848
275 926
276 466
276 498
276 507
276 628
276 829
276 856
276 947
277 416
277 463
277 482
277 555
277 941
277 959
278 350
278 423
278 431
278 485
278 613
278 638
278 729
278 810
278 821
279 480
279 495
279 499
279 555
279 653
279 661
279 984
280 462
280 572
281 644
281 673
282 289
282 337
282 360
282 453
282 638
282 862
282 904
282 961
283 297
283 322
283 596
283 802
283 859
284 367
284 402
284 468
284 645
284 707
284 773
284 947
284 965
285 431
285 604
285 775
285 967
285 975
286 356
286 560
286 645
286 672
286 739
286 753
286 773
286 777
286 868
287 335
287 351
287 444
287 460
287 485
287 499
287 625
287 676
287 690
287 794
287 795
287 834
287 879
288 297
288 348
288 420
288 463
288 477
288 495
288 516
288 796
288 836
288 931
289 394
289 520
289 539
289 605
289 612
289 774
289 916
289 943
290 299
290 311
290 433
290 444
290 545
290 563
290 564
290 570
290 815
290 856
290 869
291 388
291 442
291 482
291 645
291 666
291 786
291 822
291 943
291 978
292 337
292 428
292 572
292 637
292 725
292 755
292 799
293 534
293 810
294 344
294 381
294 470
294 530
294 535
294 657
294 680
294 751
294 837
294 852
294 999
295 317
295 319
295 499
295 522
295 696
295 812
296 322
296 335
296 513
296 592
296 786
296 907
297 363
297 407
297 474
297 615
297 665
297 716
297 941
298 376
298 418
298 501
298 568
298 581
298 643
298 872
299 333
299 473
299 620
299 627
299 644
299 677
299 759
299 779
299 796
299 821
299 851
300 443
300 462
300 622
300 715
300 724
300 767
300 870
301 571
301 606
301 768
301 800
301 830
301 895
302 509
302 593
302 871
302 927
302 935
303 316
303 481
303 921
304 356
304 364
304 564
304 578
304 919
304 972
305 363
305 384
305 544
305 895
306 338
306 657
306 926
307 312
307 358
307 456
307 611
307 660
307 878
307 965
307 979
308 684
308 783
308 925
309 329
309 374
309 431
309 493
309 549
309 707
309 751
309 802
309 808
309 955
310 434
310 458
310 459
310 583
310 645
310 794
310 810
310 856
310 943
310 954
310 962
310 996
311 380
311 381
311 471
311 477
311 620
311 778
311 862
311 878
311 896
311 908
311 995
312 344
312 394
312 403
312 491
312 659
313 552
313 571
313 663
313 741
313 960
314 443
314 471
314 482
314 492
314 551
314 564
314 575
314 714
314 907
314 926
315 359
315 581
315 688
315 922
316 560
316 595
316 663
316 719
316 722
316 818
316 842
316 873
316 908
316 913
316 916
316 950
317 321
317 444
317 500
317 576
317 620
317 629
317 805
318 510
318 593
318 637
318 641
318 724
318 986
319 372
319 702
319 746
319 793
319 819
319 862
319 907
320 346
320 395
320 555
320 723
320 890
321 324
321 423
321 564
321 615
321 659
321 795
321 871
321 978
322 396
322 521
322 534
322 612
322 695
322 758
322 765
322 839
323 433
323 470
323 592
323 618
323 718
323 755
323 786
323 877
323 917
323 931
324 828
324 868
325 409
325 415
325 450
325 516
325 557
325 822
325 891
326 666
326 693
326 707
326 817
326 986
326 995
327 459
327 576
327 740
327 780
327 931
328 424
328 425
328 730
328 798
328 814
328 872
328 888
328 892
328 894
329 353
329 397
329 491
329 739
329 779
329 804
329 852
329 961
330 348
330 398
330 472
330 702
330 826
330 882
330 914
330 916
330 952
331 367
331 515
331 559
331 707
331 995
332 377
332 417
332 457
332 461
332 472
332 704
332 707
332 718
332 813
333 590
333 733
333 841
333 966
333 980
335 383
335 394
335 410
335 665
335 843
335 847
336 343
336 650
337 480
337 481
337 486
337 650
337 663
337 695
337 707
337 785
337 887
337 971
338 664
338 807
338 958
339 377
339 447
339 817
339 965
340 400
340 602
340 659
340 684
340 781
340 918
341 572
341 601
341 773
341 778
341 818
341 840
341 857
341 910
341 988
342 667
342 682
342 708
342 947
342 958
343 414
343 455
343 550
343 658
343 677
343 846
343 999
344 396
344 540
344 597
344 819
344 852
344 901
344 913
344 926
345 458
345 474
345 671
345 750
345 755
345 821
345 850
345 900
345 924
345 964
346 567
346 649
346 752
346 757
346 838
346 926
346 950
346 957
346 979
347 354
347 602
347 860
347 881
347 885
347 935
348 486
348 539
348 655
348 740
348 820
348 837
349 406
349 428
349 529
349 636
349 836
349 979
350 443
350 885
350 950
351 447
351 671
351 699
351 874
352 525
352 582
352 695
352 717
352 773
353 592
353 999
354 456
354 676
354 737
354 981
355 581
355 598
355 712
355 856
355 873
355 921
355 940
356 532
356 601
356 979
357 464
357 558
357 627
357 686
357 692
357 890
357 974
358 469
358 666
358 893
358 941
359 382
359 444
359 625
359 783
359 924
360 404
360 621
360 929
360 972
361 542
361 617
361 639
361 797
361 834
361 840
361 928
362 397
362 504
362 558
362 582
362 630
362 649
362 719
362 829
362 830
362 865
362 960
362 968
363 527
363 843
363 854
363 943
363 990
364 498
364 642
364 646
364 657
364 671
364 713
364 826
365 620
365 670
365 700
365 713
365 788
365 854
365 941
365 964
366 368
366 374
366 670
366 715
366 753
366 758
366 912
366 935
367 436
367 475
367 576
367 776
367 820
367 942
368 411
368 449
368 453
368 479
368 589
368 601
368 623
368 747
368 753
368 792
369 526
369 759
369 790
369 939
370 484
370 669
370 779
370 795
370 895
370 976
371 378
371 547
371 549
371 603
371 770
371 787
371 831
372 558
372 674
372 675
372 689
372 796
372 820
372 941
373 504
373 575
373 592
373 830
373 845
373 853
373 872
373 933
373 953
374 650
374 678
374 893
375 425
375 521
375 592
375 703
375 817
375 856
375 874
375 887
376 428
376 592
376 636
376 802
376 813
376 848
377 566
377 743
377 895
377 928
378 896
378 927
378 956
379 645
379 671
379 744
379 854
379 979
380 441
380 537
380 592
380 686
380 891
380 924
380 942
380 982
381 488
381 575
381 602
381 710
381 742
381 771
382 441
382 449
382 493
382 530
382 586
382 641
382 853
383 391
383 400
383 457
383 519
383 601
383 633
383 684
383 686
383 710
383 942
384 641
384 753
384 754
384 960
385 445
385 554
385 662
385 676
385 680
385 683
385 727
385 753
385 802
385 849
385 942
385 964
386 623
386 642
386 827
386 907
386 908
386 928
386 943
387 410
387 510
387 555
387 594
388 822
388 886
389 470
389 591
389 694
389 732
389 766
389 803
390 412
390 468
390 501
390 690
390 815
390 928
390 999
391 733
391 958
392 493
392 646
392 718
392 817
392 936
392 947
393 520
393 605
393 625
393 829
393 846
393 871
393 872
393 983
394 463
394 505
394 529
394 567
394 655
394 700
394 786
394 859
394 869
394 902
395 729
396 542
396 581
396 609
396 634
396 709
397 724
397 868
397 933
398 428
398 549
398 795
398 847
398 859
398 951
398 995
399 562
399 716
399 723
399 882
400 425
400 428
400 429
400 524
400 559
400 784
400 814
401 445
401 452
401 533
401 614
401 674
401 765
401 893
402 420
402 453
402 645
402 666
402 694
402 696
402 724
402 737
402 812
402 968
403 442
403 445
403 529
403 586
403 634
403 759
403 985
404 526
404 556
404 645
404 698
404 876
404 899
404 909
404 993
405 428
405 491
405 532
405 543
405 736
405 784
405 786
405 818
405 875
406 531
406 708
406 810
406 837
406 845
406 881
406 897
406 984
407 698
407 787
407 802
407 935
408 737
408 792
408 864
408 921
408 960
408 984
408 990
409 611
409 622
409 665
409 826
409 992
410 535
410 849
411 421
411 526
411 735
411 763
411 903
412 491
412 520
412 608
412 735
412 830
412 990
413 417
413 488
413 603
413 881
413 885
414 455
414 486
414 521
414 528
414 707
414 971
415 423
415 484
415 710
415 764
415 843
415 913
415 932
416 740
417 504
417 543
417 562
417 587
417 696
418 656
418 702
418 738
418 766
418 837
418 926
419 423
419 442
419 484
419 531
419 551
419 647
419 827
419 844
419 887
420 463
420 541
420 658
420 835
420 922
421 474
421 557
421 674
421 712
421 771
421 980
422 535
422 538
422 629
423 617
423 739
423 743
423 772
423 851
423 871
424 567
424 816
424 976
425 679
425 777
425 910
425 979
426 540
426 585
426 607
426 826
426 843
426 870
427 476
427 649
427 681
427 706
427 888
427 951
428 457
428 517
428 527
428 566
428 790
428 836
428 852
429 469
429 473
429 497
429 550
429 630
429 658
429 786
429 915
430 477
430 504
430 580
430 592
430 593
430 651
430 765
431 443
431 679
431 744
431 864
431 901
432 541
432 563
432 645
432 649
432 727
432 846
432 878
433 640
433 735
433 900
434 526
434 547
434 686
434 768
434 815
434 879
435 436
435 580
435 598
435 618
435 699
435 725
436 796
436 864
436 935
437 506
437 566
437 641
437 760
437 780
437 852
437 996
438 439
438 487
438 496
438 569
438 580
438 600
438 626
438 641
438 668
438 706
438 740
439 516
439 741
439 768
439 773
440 443
440 500
440 520
440 543
440 622
440 768
440 822
440 966
441 478
441 503
441 509
441 516
441 609
441 656
441 780
441 870
441 974
441 984
442 496
442 511
442 687
442 802
442 803
442 883
442 890
442 912
443 468
443 597
443 639
444 566
444 602
444 635
444 747
444 836
444 843
445 450
445 504
445 560
445 607
445 639
445 725
445 783
446 800
446 856
446 863
446 946
447 634
447 743
448 538
448 868
448 984
449 545
449 568
449 569
449 801
449 988
450 527
450 532
450 602
450 683
450 745
450 770
450 834
451 793
451 875
451 949
451 963
452 783
452 867
453 533
453 546
453 620
453 664
453 756
453 814
453 833
453 834
453 841
453 875
453 978
454 508
454 915
454 968
455 551
455 574
455 640
455 715
455 772
455 800
455 991
456 646
456 654
456 669
456 680
456 706
456 853
456 907
456 915
456 947
456 996
457 599
457 712
457 803
458 476
458 543
458 634
458 642
458 797
458 807
458 811
459 480
459 761
459 808
459 873
459 880
460 590
461 464
461 492
461 539
461 578
461 645
461 822
461 851
461 857
461 933
461 967
462 471
462 495
462 534
462 626
462 635
462 859
462 897
462 913
463 470
463 534
463 669
463 675
464 466
464 485
464 576
464 654
464 788
465 556
465 598
465 689
465 798
465 832
465 916
465 999
466 496
466 506
466 522
466 564
466 579
466 850
466 933
467 707
467 769
468 615
468 621
468 650
468 763
468 857
469 677
469 706
469 718
469 793
469 834
469 847
469 890
470 522
470 554
470 754
470 870
471 477
471 479
471 571
471 628
471 728
471 777
471 862
471 882
471 964
472 531
472 646
472 651
472 736
472 880
473 566
473 586
474 898
474 974
475 570
475 638
475 913
476 605
476 628
476 654
476 747
477 713
477 732
477 786
477 791
477 835
477 870
477 943
477 948
478 491
478 586
478 763
478 964
478 988
479 616
479 644
479 657
479 702
479 709
479 711
479 806
479 817
479 888
480 484
480 490
480 593
480 701
480 761
480 763
480 774
480 775
480 818
480 992
481 554
481 756
481 891
481 981
482 624
482 716
482 718
482 991
483 676
483 778
484 565
484 659
484 820
484 823
484 835
485 507
485 553
485 748
485 824
486 523
486 535
486 602
486 684
486 710
486 760
486 801
486 956
487 931
487 991
488 494
488 523
488 543
488 713
488 766
488 968
489 529
489 614
489 640
489 666
489 708
489 776
489 807
489 819
489 860
489 945
490 493
490 516
490 635
491 514
491 696
491 738
491 740
491 761
491 864
491 889
491 896
491 913
492 595
492 761
492 792
492 867
493 541
493 607
493 666
493 695
493 711
494 573
494 609
494 632
494 660
494 723
494 727
494 766
494 781
495 498
495 601
495 609
495 687
495 856
496 567
496 784
496 888
496 911
496 981
497 501
497 932
497 947
497 953
497 999
498 755
499 508
499 518
499 614
499 629
499 775
500 764
500 811
501 553
501 720
501 942
502 878
503 599
503 818
503 910
503 956
504 635
504 679
504 851
504 972
504 973
505 517
505 522
505 526
505 590
505 641
505 645
505 657
505 717
505 767
506 543
506 599
506 632
506 696
507 701
507 729
507 793
507 853
507 862
507 979
508 520
508 590
508 752
508 754
508 876
508 968
509 652
509 878
510 696
510 709
510 879
511 590
511 596
511 813
511 861
512 564
512 940
513 646
513 699
513 740
513 777
513 848
513 893
514 578
514 620
514 689
514 726
514 730
514 798
515 518
515 774
515 813
516 558
516 580
516 612
516 716
516 777
516 838
516 845
516 859
516 914
516 929
517 556
517 634
517 636
517 811
517 916
517 959
517 970
518 797
518 840
519 590
519 649
519 677
519 932
520 548
520 584
520 585
520 598
520 719
520 748
520 867
520 960
520 978
520 999
521 583
521 678
521 679
522 627
522 730
522 964
522 989
523 687
523 710
523 731
523 768
524 592
524 611
524 652
524 838
524 984
525 787
525 954
525 982
526 590
526 959
527 577
527 674
527 924
528 680
528 785
528 788
529 541
529 542
529 687
529 788
529 863
530 590
530 784
530 901
531 605
531 811
531 828
531 862
531 955
532 578
532 824
532 946
533 706
533 891
533 907
534 629
534 679
534 683
534 726
534 783
535 610
535 732
535 749
535 770
535 825
535 913
536 689
536 756
536 908
536 987
537 581
537 707
537 715
537 764
537 934
538 579
538 618
538 833
538 866
538 927
538 941
538 968
539 763
539 774
539 779
540 632
540 933
541 589
541 843
541 960
542 546
542 662
542 816
542 985
543 548
543 602
543 722
543 833
544 728
544 814
544 985
544 999
545 684
545 729
545 983
546 665
546 689
546 699
546 729
547 587
547 630
547 789
547 790
547 849
547 907
547 918
547 922
547 970
548 605
548 826
548 928
548 963
548 986
549 559
549 566
549 586
549 644
549 799
549 868
550 651
550 691
550 731
550 783
550 978
551 613
551 637
551 719
551 799
552 597
552 640
552 762
552 857
552 917
552 927
552 947
553 745
553 843
553 850
553 881
553 910
554 906
554 948
555 593
555 641
555 792
556 563
556 579
556 738
556 971
557 702
557 816
557 858
557 920
558 601
558 613
558 837
558 867
558 965
558 988
559 755
559 831
559 878
560 585
560 602
560 911
561 619
561 862
561 910
561 917
561 939
562 638
562 775
562 958
563 628
563 832
563 898
564 607
564 634
564 640
564 684
564 700
564 874
564 902
564 977
565 734
565 777
565 835
565 878
565 896
565 933
566 567
566 698
566 856
566 863
566 878
566 970
567 669
567 700
567 746
567 811
567 942
568 664
568 968
569 584
569 701
569 722
569 896
570 628
570 865
570 946
571 706
571 823
571 859
571 928
571 952
572 573
572 591
572 626
572 721
572 814
572 822
572 865
572 889
572 939
573 607
573 619
574 806
574 820
575 594
575 630
575 641
575 707
575 787
575 875
576 661
576 771
576 897
576 930
576 986
577 714
577 758
578 928
578 994
579 643
579 661
579 697
579 699
579 771
579 805
579 895
580 749
580 797
581 667
581 695
581 708
581 757
582 832
582 875
582 915
582 980
583 698
583 722
583 807
583 903
583 926
583 960
583 978
584 591
584 664
584 680
584 737
584 862
584 978
585 633
585 642
585 663
585 801
585 816
585 827
585 873
585 979
586 963
588 632
588 789
588 811
589 748
589 793
589 851
589 861
589 955
589 985
590 619
590 672
590 798
591 625
591 982
591 992
592 653
592 674
592 887
592 929
592 997
592 999
593 679
593 930
594 827
594 837
594 907
594 955
595 661
595 694
595 858
596 687
596 696
597 771
597 858
597 912
598 600
598 605
598 684
598 738
598 845
598 984
600 682
600 711
600 746
600 770
600 777
600 831
600 938
601 607
601 699
601 769
601 836
601 904
601 977
602 904
602 933
603 681
603 742
603 913
603 971
604 791
604 961
605 779
605 824
605 860
605 891
605 919
607 703
607 715
607 781
607 810
607 813
607 982
608 678
608 855
608 860
608 989
609 683
609 758
609 813
609 883
609 902
610 640
610 783
610 964
611 715
611 844
611 956
611 969
612 619
612 821
612 871
613 736
613 804
613 820
613 856
613 931
614 668
614 786
614 808
614 921
614 980
615 677
615 928
615 990
616 744
616 907
617 625
617 734
617 777
617 806
617 930
617 998
618 622
618 689
618 707
618 909
618 920
619 642
619 651
619 671
619 752
619 794
619 862
619 880
619 979
620 789
620 804
621 640
621 663
621 692
621 729
621 744
621 804
621 845
622 629
622 660
622 702
622 883
623 667
623 688
623 806
623 882
624 677
624 988
625 660
625 788
625 982
626 791
626 817
626 907
626 908
628 637
628 715
628 809
628 853
628 936
629 713
629 744
629 745
629 822
630 650
630 695
630 794
631 745
631 784
632 683
632 823
632 833
632 933
633 681
633 754
633 880
634 706
634 708
634 716
634 834
634 844
634 846
634 889
634 900
635 703
635 832
635 902
635 921
635 984
635 997
636 655
636 662
637 821
637 909
637 911
638 659
638 680
638 853
638 897
638 899
638 975
639 708
639 718
639 934
640 792
640 855
640 883
640 954
640 997
641 658
641 818
641 842
642 665
642 822
642 861
642 964
643 655
643 671
643 729
643 759
643 943
643 980
644 669
644 703
644 752
644 990
645 830
645 932
646 662
646 726
646 794
646 811
646 835
646 899
646 981
647 912
648 717
648 784
649 712
649 735
649 965
650 713
650 828
650 829
650 860
650 918
650 967
650 998
651 694
651 776
652 840
652 922
652 936
653 663
653 801
653 893
653 903
653 979
654 730
654 771
654 881
654 921
654 928
654 998
655 695
655 722
655 754
655 839
656 801
657 880
657 905
657 970
658 710
658 759
658 826
658 832
658 852
658 891
659 804
659 897
659 903
659 912
660 720
660 723
661 672
661 902
662 668
662 890
662 925
662 952
662 980
663 944
663 949
664 678
664 769
664 922
665 898
665 974
666 753
666 943
666 956
667 713
667 840
667 887
667 976
670 702
670 837
670 889
671 995
672 691
672 812
672 817
672 863
672 875
673 709
673 767
673 806
673 837
674 769
674 928
675 804
676 741
676 855
677 719
677 870
677 926
677 971
678 723
678 817
678 837
678 977
679 794
680 692
680 882
680 928
681 716
681 767
681 828
681 916
681 927
682 697
682 708
683 698
683 710
683 779
683 841
683 972
684 737
684 759
684 895
685 749
686 966
686 973
687 933
687 952
688 766
688 802
688 814
688 884
688 888
688 897
688 953
689 788
689 903
689 931
690 915
691 725
691 773
691 780
691 784
691 887
691 973
692 915
692 993
693 719
693 812
693 981
694 717
695 793
695 813
695 951
695 963
696 807
697 812
697 852
697 987
698 776
698 892
698 899
699 705
699 871
699 939
700 744
700 889
700 973
701 823
702 899
703 748
703 855
703 917
703 920
704 731
704 763
704 873
704 995
706 713
707 764
707 772
707 774
707 792
707 890
707 962
708 807
709 735
710 728
710 959
710 980
711 977
712 779
712 990
713 760
713 824
714 723
714 757
714 789
714 832
714 835
714 870
714 900
714 939
714 970
715 782
715 939
715 945
716 737
716 787
716 809
717 790
717 920
718 724
718 729
718 812
718 816
719 892
719 933
720 732
720 757
720 763
720 829
720 980
721 725
721 800
721 831
721 890
721 898
721 927
721 956
721 988
723 818
723 985
724 780
724 975
724 985
725 897
727 736
727 809
727 875
727 970
727 998
728 763
728 783
728 999
729 902
731 933
731 961
732 736
733 769
733 914
733 981
734 823
734 892
734 983
735 826
735 848
735 970
736 829
736 990
737 758
738 792
739 855
739 996
741 829
741 867
741 894
741 906
741 935
741 987
742 844
742 878
742 938
742 975
743 814
743 874
743 891
743 915
743 934
744 771
744 866
744 945
745 865
745 884
745 955
746 766
746 772
746 821
746 868
747 837
747 855
747 857
747 862
747 870
747 889
747 981
748 861
748 973
749 756
749 761
749 837
749 986
750 766
750 909
750 916
752 779
752 801
752 866
752 941
752 942
752 944
753 758
753 886
754 803
754 842
754 908
754 960
754 983
755 771
755 823
755 945
756 960
756 977
756 991
756 992
757 866
758 894
758 923
759 770
760 979
761 781
761 817
761 854
761 991
762 769
762 946
762 972
763 831
763 837
763 849
763 858
763 882
763 995
764 835
765 849
765 858
765 996
765 998
766 837
766 920
767 866
768 774
768 828
768 880
768 957
769 871
769 936
769 941
769 951
770 801
771 776
771 893
771 943
771 966
772 981
773 843
773 861
773 864
773 880
773 893
773 915
774 964
774 988
775 827
775 848
775 869
775 892
775 912
776 824
776 998
777 804
777 935
778 819
778 856
778 863
778 875
779 864
781 872
781 896
782 809
782 833
782 965
782 997
783 858
783 905
783 942
783 980
784 858
784 895
784 944
785 963
786 868
786 883
786 892
786 946
786 947
786 956
786 963
787 802
787 837
787 852
788 850
788 876
788 887
788 970
789 861
789 949
790 877
791 799
792 803
792 921
792 961
793 820
793 924
795 999
797 913
797 999
798 833
798 852
799 893
799 995
800 841
800 899
800 908
802 805
802 870
802 881
803 836
803 868
803 928
804 807
804 834
804 910
804 934
804 975
805 818
805 839
805 922
806 843
807 872
807 953
807 975
808 842
808 974
808 981
809 839
809 863
809 984
810 817
810 913
810 935
811 872
811 876
811 946
811 978
812 934
813 828
813 938
813 996
814 920
815 858
815 896
817 819
817 821
817 848
818 878
818 886
818 927
818 947
818 976
819 864
819 883
819 937
821 844
822 921
822 956
824 903
824 985
824 997
826 984
827 958
828 870
828 873
828 955
828 988
829 921
830 934
832 901
832 982
833 860
834 897
834 967
834 999
835 930
835 954
835 992
836 853
836 887
836 954
836 961
836 964
837 852
837 865
837 876
837 878
837 880
837 964
839 842
839 895
839 918
839 956
839 990
840 854
840 965
841 888
841 916
841 985
843 957
844 892
848 872
848 972
849 897
849 924
852 865
852 973
853 960
854 896
854 909
854 931
854 946
855 972
857 892
858 901
859 922
860 902
861 865
861 939
862 980
864 865
864 979
865 867
866 908
868 931
869 988
870 914
871 980
874 915
874 944
874 975
874 996
875 935
876 898
876 924
876 962
877 893
877 935
878 914
878 956
878 985
879 893
879 989
880 888
880 973
881 914
881 938
881 945
882 912
882 998
883 892
883 945
883 958
884 895
884 965
885 934
885 987
886 960
887 959
888 921
888 948
890 936
891 911
891 933
892 987
893 912
895 903
896 994
898 990
900 921
900 928
901 931
902 981
903 978
904 978
905 938
907 954
911 922
915 955
916 957
917 991
919 941
921 952
921 964
924 932
926 951
927 977
928 984
929 936
930 979
930 980
931 941
931 954
937 978
938 955
938 969
940 962
940 971
944 966
946 971
947 967
948 978
948 990
955 989
958 978
963 969
965 993
966 982
968 971
971 976
976 995
979 986
