0 25
0 72
0 80
0 94
0 149
0 224
0 235
0 277
0 315
0 328
0 386
0 409
0 481
0 483
0 507
0 515
0 529
0 560
0 719
0 830
0 878
0 881
0 987
1 21
1 62
1 110
1 185
1 334
1 335
1 406
1 434
1 532
1 544
1 585
1 598
1 614
1 641
1 652
1 678
1 699
1 700
1 816
1 821
1 829
1 838
1 839
1 858
1 966
2 143
2 193
2 199
2 262
2 276
2 307
2 317
2 342
2 396
2 441
2 497
2 521
2 529
2 536
2 587
2 604
2 738
2 839
2 898
3 19
3 116
3 148
3 157
3 226
3 283
3 362
3 369
3 423
3 428
3 453
3 461
3 521
3 535
3 556
3 601
3 605
3 686
3 845
3 849
3 861
3 884
3 956
3 987
4 12
4 22
4 65
4 104
4 122
4 148
4 160
4 216
4 475
4 479
4 501
4 530
4 655
4 762
4 781
4 824
4 843
4 846
4 870
4 880
4 891
4 940
5 59
5 73
5 132
5 172
5 389
5 406
5 432
5 452
5 476
5 512
5 525
5 530
5 547
5 848
5 979
6 9
6 18
6 20
6 28
6 119
6 140
6 206
6 284
6 298
6 476
6 478
6 585
6 595
6 628
6 712
6 838
6 941
7 215
7 224
7 232
7 300
7 305
7 310
7 328
7 380
7 532
7 767
7 776
7 843
7 891
7 895
7 956
7 993
7 996
8 35
8 58
8 292
8 318
8 337
8 370
8 484
8 646
8 740
8 809
8 855
8 887
8 937
8 954
8 976
9 55
9 57
9 95
9 142
9 162
9 194
9 223
9 329
9 372
9 414
9 565
9 589
9 628
9 723
9 725
9 747
9 774
9 802
9 838
9 848
9 874
9 917
9 925
9 935
9 996
10 26
10 35
10 202
10 209
10 214
10 497
10 564
10 619
10 699
10 705
10 707
10 770
10 773
10 815
10 863
10 876
10 948
10 986
11 49
11 105
11 201
11 257
11 265
11 292
11 338
11 356
11 359
11 397
11 416
11 436
11 458
11 492
11 679
11 758
11 784
11 851
11 855
11 870
11 964
12 43
12 137
12 190
12 230
12 252
12 287
12 294
12 310
12 313
12 424
12 464
12 486
12 525
12 556
12 586
12 623
12 713
12 746
12 860
13 33
13 68
13 74
13 83
13 234
13 265
13 269
13 272
13 309
13 341
13 355
13 376
13 403
13 495
13 570
13 611
13 642
13 661
13 700
13 772
13 852
13 885
13 916
13 918
13 958
13 988
14 25
14 39
14 65
14 117
14 144
14 165
14 389
14 434
14 474
14 543
14 605
14 671
14 673
14 722
14 732
14 864
14 944
15 27
15 66
15 171
15 186
15 230
15 231
15 236
15 352
15 527
15 559
15 567
15 583
15 620
15 639
15 726
15 776
15 782
15 848
15 871
15 915
16 297
16 353
16 379
16 482
16 494
16 543
16 547
16 601
16 660
16 663
16 668
16 712
16 798
16 888
16 890
16 894
17 18
17 53
17 145
17 216
17 251
17 414
17 482
17 585
17 665
17 702
17 754
17 787
18 46
18 47
18 59
18 69
18 141
18 191
18 195
18 261
18 294
18 340
18 409
18 487
18 492
18 588
18 683
18 763
18 779
18 787
18 808
18 921
18 994
19 39
19 83
19 86
19 132
19 237
19 283
19 403
19 462
19 498
19 545
19 634
19 702
19 717
19 731
19 732
19 749
19 813
19 818
19 820
19 852
19 871
19 903
19 904
19 958
19 985
19 989
20 22
20 32
20 114
20 117
20 119
20 196
20 241
20 246
20 262
20 511
20 562
20 594
20 648
20 694
20 710
20 719
20 750
20 813
20 905
20 910
20 977
21 38
21 59
21 85
21 106
21 123
21 144
21 154
21 268
21 377
21 417
21 422
21 445
21 578
21 595
21 636
21 673
21 677
21 691
21 692
21 693
21 841
21 970
21 982
22 42
22 48
22 160
22 297
22 512
22 529
22 601
22 762
22 768
22 773
22 801
22 840
22 876
22 878
22 905
22 946
22 969
23 30
23 42
23 91
23 94
23 155
23 172
23 281
23 306
23 397
23 405
23 418
23 504
23 647
23 673
23 707
23 708
23 712
23 790
23 831
23 849
24 73
24 204
24 213
24 263
24 299
24 305
24 478
24 570
24 643
24 696
24 833
24 857
24 861
24 908
24 914
24 931
25 74
25 277
25 373
25 450
25 456
25 490
25 525
25 555
25 571
25 679
25 686
25 740
25 761
25 899
25 936
25 973
26 45
26 136
26 197
26 239
26 343
26 455
26 481
26 577
26 661
26 689
26 716
26 812
26 884
26 890
26 891
26 935
26 990
27 105
27 128
27 190
27 211
27 237
27 270
27 332
27 343
27 358
27 401
27 412
27 420
27 468
27 530
27 555
27 644
27 656
27 677
27 735
27 782
27 831
27 855
27 863
27 929
28 36
28 135
28 178
28 199
28 315
28 316
28 376
28 444
28 466
28 479
28 569
28 570
28 585
28 595
28 611
28 719
28 894
28 901
28 938
28 939
29 87
29 101
29 123
29 124
29 128
29 130
29 152
29 162
29 188
29 216
29 224
29 266
29 277
29 292
29 314
29 357
29 505
29 549
29 615
29 645
29 705
29 709
29 767
29 802
29 823
29 840
29 855
29 898
29 940
29 950
29 992
29 998
30 63
30 261
30 270
30 322
30 379
30 390
30 551
30 628
30 676
30 680
30 700
30 778
30 791
30 832
30 844
30 877
30 917
30 943
30 964
31 212
31 263
31 265
31 280
31 297
31 364
31 377
31 510
31 512
31 537
31 713
31 727
31 735
31 745
31 790
31 979
32 90
32 154
32 209
32 272
32 282
32 319
32 335
32 395
32 518
32 587
32 633
32 683
32 709
32 768
32 836
32 888
33 54
33 86
33 145
33 160
33 172
33 224
33 254
33 270
33 362
33 370
33 410
33 426
33 429
33 561
33 634
33 692
33 733
33 739
33 744
33 863
33 910
34 77
34 115
34 174
34 551
34 632
34 682
34 696
34 697
34 700
34 842
34 890
34 923
34 982
34 992
35 55
35 106
35 121
35 153
35 156
35 256
35 313
35 351
35 367
35 380
35 433
35 478
35 624
35 751
35 761
35 811
35 967
35 981
36 41
36 50
36 194
36 210
36 236
36 269
36 275
36 347
36 399
36 486
36 554
36 596
36 680
36 685
36 775
36 849
37 50
37 59
37 177
37 191
37 209
37 294
37 380
37 387
37 400
37 453
37 498
37 715
37 727
37 765
37 812
37 862
37 879
38 133
38 202
38 258
38 333
38 374
38 376
38 386
38 413
38 485
38 497
38 555
38 588
38 598
38 626
38 648
38 947
39 101
39 242
39 270
39 337
39 341
39 348
39 457
39 459
39 507
39 524
39 584
39 666
39 691
39 775
39 778
39 860
39 957
40 44
40 53
40 161
40 189
40 234
40 245
40 306
40 321
40 381
40 574
40 588
40 621
40 658
40 707
40 723
40 806
40 848
40 871
40 889
40 935
40 951
40 956
40 980
40 987
40 994
41 79
41 80
41 136
41 187
41 189
41 190
41 215
41 277
41 301
41 322
41 378
41 461
41 559
41 566
41 627
41 650
41 670
41 676
41 685
41 699
41 711
41 765
41 866
41 937
41 951
41 952
41 964
41 993
41 994
42 60
42 192
42 195
42 254
42 397
42 398
42 450
42 521
42 619
42 658
42 682
42 704
42 890
42 935
42 982
42 984
42 993
43 91
43 105
43 139
43 153
43 165
43 172
43 220
43 292
43 378
43 407
43 476
43 522
43 576
43 689
43 860
43 888
43 897
43 993
44 75
44 165
44 166
44 261
44 264
44 346
44 390
44 437
44 498
44 515
44 589
44 603
44 649
44 675
44 700
44 750
44 782
44 814
44 909
44 957
45 68
45 114
45 176
45 358
45 379
45 435
45 478
45 485
45 597
45 701
45 822
45 893
45 998
46 108
46 192
46 261
46 331
46 333
46 372
46 380
46 408
46 494
46 503
46 523
46 582
46 658
46 704
46 748
46 837
46 868
46 886
46 923
46 945
47 49
47 70
47 191
47 215
47 269
47 326
47 329
47 350
47 432
47 442
47 472
47 508
47 589
47 646
47 664
47 720
47 899
47 942
47 960
48 90
48 98
48 137
48 139
48 308
48 415
48 502
48 509
48 510
48 825
48 841
48 869
48 881
49 140
49 237
49 250
49 286
49 329
49 358
49 411
49 481
49 618
49 673
49 693
49 736
49 747
49 773
49 830
49 848
49 865
49 948
49 986
50 126
50 157
50 325
50 493
50 697
50 775
50 805
50 929
51 84
51 254
51 339
51 373
51 378
51 382
51 434
51 506
51 514
51 517
51 538
51 627
51 966
52 69
52 89
52 153
52 159
52 160
52 168
52 198
52 208
52 229
52 306
52 345
52 361
52 370
52 380
52 396
52 429
52 530
52 624
52 625
52 632
52 639
52 647
52 755
52 793
52 813
52 833
52 860
52 925
52 935
52 950
52 990
52 994
53 91
53 132
53 211
53 242
53 284
53 370
53 376
53 405
53 409
53 467
53 576
53 579
53 652
53 681
53 691
53 702
53 703
53 709
53 745
53 820
53 868
53 931
53 972
54 64
54 95
54 146
54 159
54 274
54 326
54 367
54 407
54 455
54 547
54 593
54 626
54 631
54 634
54 647
54 665
54 723
54 772
54 952
54 960
54 987
55 137
55 199
55 220
55 297
55 298
55 319
55 328
55 343
55 355
55 383
55 442
55 517
55 565
55 572
55 630
55 679
55 698
55 735
55 742
55 776
55 808
55 813
56 84
56 113
56 171
56 385
56 414
56 418
56 524
56 535
56 579
56 633
56 640
56 679
56 690
56 786
56 876
56 927
56 947
56 988
57 88
57 183
57 263
57 279
57 305
57 356
57 375
57 381
57 405
57 427
57 450
57 511
57 614
57 652
57 665
57 680
57 707
57 709
57 740
57 774
57 827
57 841
58 94
58 117
58 137
58 205
58 226
58 360
58 403
58 446
58 503
58 732
58 738
58 780
58 823
58 843
59 212
59 342
59 346
59 383
59 568
59 575
59 609
59 646
59 677
59 775
59 790
59 822
59 867
59 877
59 924
60 126
60 171
60 197
60 274
60 341
60 343
60 391
60 536
60 554
60 601
60 665
60 685
60 687
60 788
60 810
60 829
60 880
60 899
60 901
60 949
61 66
61 165
61 178
61 317
61 477
61 614
61 618
61 726
61 731
61 734
61 747
61 793
61 876
61 878
61 903
61 914
61 956
62 94
62 101
62 104
62 214
62 224
62 253
62 256
62 259
62 309
62 333
62 423
62 434
62 443
62 449
62 475
62 480
62 566
62 612
62 635
62 682
62 698
62 708
62 727
62 747
62 792
62 864
62 869
62 876
62 889
62 987
63 79
63 158
63 184
63 219
63 237
63 247
63 287
63 338
63 796
63 897
63 957
64 98
64 191
64 231
64 312
64 313
64 338
64 435
64 458
64 467
64 485
64 637
64 646
64 690
64 742
64 917
64 981
65 130
65 153
65 155
65 168
65 200
65 266
65 339
65 389
65 399
65 470
65 512
65 567
65 635
65 658
65 665
65 711
65 721
65 754
65 824
65 900
65 945
66 90
66 109
66 112
66 137
66 228
66 263
66 266
66 274
66 330
66 448
66 485
66 554
66 574
66 618
66 635
66 823
66 990
67 81
67 102
67 129
67 151
67 168
67 213
67 310
67 335
67 338
67 354
67 446
67 527
67 531
67 550
67 624
67 722
67 788
67 885
67 909
67 949
67 970
68 120
68 162
68 190
68 343
68 394
68 462
68 469
68 535
68 640
68 685
68 711
68 744
68 756
68 757
68 865
68 884
68 993
69 82
69 106
69 150
69 203
69 213
69 274
69 278
69 332
69 456
69 476
69 677
69 774
69 803
69 817
69 893
69 997
70 82
70 86
70 204
70 211
70 281
70 337
70 386
70 396
70 400
70 480
70 495
70 505
70 511
70 516
70 654
70 659
70 927
70 999
71 118
71 272
71 289
71 320
71 348
71 496
71 614
71 862
71 892
71 930
71 992
71 994
72 156
72 230
72 315
72 391
72 400
72 478
72 480
72 533
72 555
72 700
72 716
72 765
72 805
72 810
72 812
72 869
72 961
73 145
73 166
73 172
73 214
73 246
73 247
73 270
73 358
73 385
73 400
73 409
73 453
73 497
73 537
73 618
73 631
73 686
73 770
73 797
73 816
74 92
74 95
74 141
74 183
74 203
74 210
74 222
74 412
74 433
74 505
74 565
74 568
74 571
74 596
74 605
74 625
74 626
74 651
74 676
74 692
74 800
74 807
74 932
75 76
75 82
75 102
75 175
75 375
75 453
75 459
75 467
75 511
75 572
75 577
75 589
75 670
75 717
75 735
75 738
75 740
75 769
75 771
75 810
75 817
75 837
75 839
75 881
75 922
75 987
76 119
76 203
76 326
76 333
76 336
76 346
76 384
76 385
76 441
76 469
76 472
76 483
76 616
76 620
76 684
76 784
76 835
76 919
76 932
76 989
77 89
77 113
77 274
77 298
77 382
77 478
77 479
77 537
77 543
77 801
77 804
77 819
77 853
77 898
77 910
77 917
77 978
78 244
78 259
78 264
78 272
78 310
78 324
78 559
78 599
78 616
78 642
78 662
78 667
78 761
78 903
78 969
78 978
78 984
79 228
79 321
79 477
79 553
79 650
79 730
79 740
79 777
79 818
79 948
79 954
79 956
80 100
80 105
80 169
80 492
80 578
80 609
80 671
80 734
80 748
80 786
80 841
80 916
81 121
81 138
81 147
81 165
81 185
81 186
81 222
81 236
81 252
81 264
81 283
81 347
81 348
81 357
81 385
81 514
81 535
81 581
81 623
81 632
81 694
81 705
81 812
81 820
81 875
81 918
81 931
81 991
82 141
82 255
82 371
82 381
82 411
82 482
82 513
82 541
82 551
82 600
82 627
82 670
82 684
82 693
82 745
82 812
82 833
82 877
82 897
82 943
82 948
82 977
83 152
83 211
83 262
83 284
83 290
83 304
83 341
83 414
83 469
83 497
83 504
83 573
83 574
83 607
83 648
83 845
83 859
83 863
83 900
83 906
83 980
84 151
84 270
84 312
84 365
84 388
84 427
84 443
84 450
84 454
84 464
84 468
84 505
84 543
84 546
84 615
84 620
84 641
84 690
84 705
84 752
84 792
84 842
84 959
84 977
85 134
85 296
85 311
85 363
85 477
85 548
85 658
85 681
85 691
85 707
85 715
85 739
85 799
85 828
85 883
85 945
85 966
86 100
86 185
86 238
86 243
86 254
86 400
86 429
86 505
86 640
86 673
86 699
86 707
86 715
86 754
86 815
86 837
86 847
86 864
86 867
86 874
87 99
87 197
87 208
87 220
87 241
87 282
87 297
87 319
87 344
87 386
87 446
87 516
87 524
87 544
87 580
87 593
87 616
87 662
87 704
87 722
87 849
88 111
88 154
88 164
88 219
88 234
88 243
88 253
88 295
88 349
88 428
88 463
88 558
88 650
88 716
88 737
88 742
88 771
88 810
88 814
88 892
88 895
88 943
88 966
89 164
89 189
89 272
89 341
89 370
89 384
89 407
89 515
89 662
89 700
89 795
89 807
89 813
89 971
90 190
90 199
90 256
90 310
90 367
90 375
90 380
90 435
90 480
90 569
90 700
90 728
90 808
90 931
90 945
90 996
91 99
91 118
91 119
91 287
91 396
91 402
91 421
91 462
91 489
91 530
91 542
91 578
91 589
91 625
91 626
91 686
91 689
91 782
91 837
91 840
91 845
92 101
92 133
92 177
92 206
92 374
92 390
92 421
92 497
92 685
92 689
92 781
92 786
92 810
92 817
92 837
92 866
92 887
92 942
93 148
93 168
93 286
93 446
93 458
93 528
93 535
93 611
93 632
93 668
93 686
93 693
93 743
93 748
93 760
93 768
93 867
93 879
93 902
93 939
93 964
93 985
94 133
94 199
94 260
94 457
94 495
94 514
94 621
94 673
94 728
94 735
94 755
94 776
94 797
94 896
94 902
94 980
95 151
95 158
95 296
95 305
95 334
95 351
95 533
95 602
95 610
95 638
95 674
95 745
95 756
95 888
95 937
95 956
96 118
96 178
96 407
96 466
96 498
96 546
96 635
96 666
96 677
96 679
96 716
96 723
96 801
96 902
96 903
96 941
97 145
97 258
97 342
97 449
97 495
97 507
97 540
97 643
97 671
97 703
97 740
97 767
97 821
97 852
97 890
97 906
97 984
97 993
98 129
98 200
98 205
98 350
98 356
98 415
98 481
98 514
98 531
98 539
98 606
98 762
98 776
98 842
98 844
98 858
98 940
99 103
99 110
99 123
99 170
99 181
99 192
99 224
99 248
99 283
99 292
99 412
99 479
99 498
99 575
99 636
99 678
99 845
99 911
99 926
99 999
100 129
100 152
100 201
100 246
100 270
100 293
100 427
100 545
100 578
100 648
100 660
100 698
100 704
100 732
100 741
100 853
100 904
100 936
101 111
101 212
101 264
101 283
101 307
101 426
101 441
101 457
101 462
101 474
101 596
101 623
101 651
101 760
101 840
101 863
101 882
101 892
101 949
101 980
102 215
102 233
102 340
102 360
102 388
102 461
102 478
102 516
102 527
102 579
102 610
102 675
102 693
102 807
102 824
102 895
102 927
102 982
103 104
103 128
103 236
103 301
103 315
103 374
103 401
103 418
103 474
103 517
103 529
103 542
103 586
103 600
103 638
103 666
103 674
103 681
103 710
103 780
103 794
103 809
103 824
103 885
103 913
103 915
103 988
103 991
104 169
104 205
104 237
104 272
104 275
104 284
104 286
104 312
104 339
104 385
104 453
104 471
104 513
104 711
104 750
104 777
104 988
105 107
105 124
105 131
105 133
105 151
105 211
105 257
105 271
105 277
105 401
105 415
105 435
105 530
105 548
105 564
105 612
105 644
105 734
105 839
105 848
105 882
105 883
105 910
105 924
106 287
106 368
106 370
106 401
106 434
106 472
106 497
106 524
106 559
106 652
106 676
106 677
106 862
106 866
106 948
107 161
107 163
107 218
107 348
107 391
107 430
107 443
107 588
107 636
107 678
107 822
107 874
107 905
107 921
108 149
108 226
108 306
108 314
108 324
108 330
108 343
108 348
108 381
108 413
108 430
108 439
108 536
108 579
108 600
108 635
108 654
108 878
108 879
108 916
108 918
109 114
109 358
109 383
109 401
109 479
109 488
109 577
109 690
109 749
109 765
109 819
109 831
109 857
109 983
110 221
110 362
110 552
110 579
110 734
110 793
110 800
110 818
110 868
110 876
110 991
111 150
111 177
111 277
111 305
111 374
111 415
111 433
111 484
111 504
111 558
111 605
111 632
111 641
111 650
111 669
111 744
111 834
111 838
111 884
111 909
111 956
112 129
112 161
112 214
112 263
112 295
112 394
112 404
112 405
112 430
112 433
112 435
112 452
112 472
112 488
112 568
112 598
112 782
112 866
112 877
112 882
112 919
113 144
113 166
113 168
113 171
113 304
113 318
113 521
113 533
113 623
113 637
113 660
113 806
113 856
113 863
113 937
114 150
114 175
114 207
114 279
114 301
114 424
114 435
114 448
114 468
114 469
114 471
114 475
114 538
114 558
114 591
114 642
114 746
114 774
114 830
114 853
114 858
114 924
114 928
114 950
115 118
115 160
115 180
115 208
115 260
115 296
115 302
115 403
115 472
115 534
115 610
115 614
115 672
115 756
115 809
115 820
115 844
115 878
115 881
115 945
115 953
115 993
115 994
116 220
116 378
116 459
116 468
116 668
116 689
116 819
117 203
117 270
117 301
117 322
117 344
117 381
117 450
117 454
117 480
117 505
117 671
117 750
117 825
117 829
117 877
117 879
117 880
117 886
117 912
117 914
118 295
118 345
118 364
118 391
118 446
118 478
118 595
118 616
118 682
118 719
118 776
118 777
118 818
118 908
118 914
118 925
118 993
119 142
119 222
119 240
119 247
119 282
119 404
119 579
119 643
119 778
119 779
119 785
119 823
119 875
119 961
120 153
120 202
120 384
120 510
120 527
120 537
120 540
120 561
120 592
120 594
120 611
120 629
120 704
120 735
120 937
120 948
121 148
121 160
121 265
121 326
121 400
121 443
121 471
121 513
121 669
121 734
121 807
121 820
121 824
121 831
121 987
122 164
122 205
122 250
122 259
122 301
122 366
122 372
122 385
122 494
122 615
122 662
122 720
122 884
122 891
123 277
123 284
123 458
123 533
123 759
123 777
123 785
123 807
123 883
123 904
123 921
123 931
123 945
123 968
124 166
124 279
124 373
124 412
124 414
124 420
124 470
124 483
124 488
124 556
124 617
124 628
124 669
124 707
124 748
124 809
124 954
125 140
125 154
125 215
125 333
125 441
125 515
125 619
125 620
125 628
125 666
125 696
125 698
125 706
125 715
125 726
125 754
125 771
125 780
125 791
125 809
125 916
125 921
125 930
125 943
125 947
126 168
126 172
126 222
126 277
126 397
126 433
126 446
126 466
126 488
126 529
126 536
126 554
126 556
126 638
126 644
126 654
126 705
126 726
126 871
126 884
126 895
126 977
127 139
127 174
127 242
127 294
127 315
127 316
127 330
127 403
127 437
127 495
127 504
127 519
127 526
127 565
127 568
127 587
127 651
127 674
127 789
127 974
128 146
128 276
128 322
128 360
128 414
128 421
128 467
128 480
128 484
128 647
128 685
128 752
128 770
128 781
128 782
128 840
128 948
129 173
129 233
129 274
129 376
129 386
129 397
129 404
129 464
129 475
129 507
129 569
129 617
129 748
129 818
129 827
129 836
129 846
129 849
129 942
129 980
130 136
130 149
130 151
130 200
130 371
130 429
130 443
130 544
130 561
130 682
130 691
130 715
130 728
130 763
130 789
130 807
130 847
130 901
130 929
130 964
130 973
131 260
131 317
131 320
131 352
131 354
131 375
131 413
131 431
131 516
131 541
131 620
131 700
131 841
131 901
131 984
132 161
132 258
132 259
132 331
132 345
132 348
132 513
132 699
132 754
132 799
132 804
132 882
132 886
132 888
132 948
132 976
132 993
133 157
133 166
133 184
133 212
133 320
133 376
133 378
133 390
133 447
133 524
133 529
133 575
133 619
133 640
133 777
133 866
133 913
133 980
134 145
134 214
134 244
134 247
134 312
134 394
134 457
134 525
134 650
134 684
134 748
134 806
134 814
134 836
134 871
134 915
134 917
134 952
135 242
135 256
135 275
135 395
135 419
135 603
135 663
135 718
135 719
135 731
135 757
135 766
135 784
135 819
135 826
135 867
135 949
136 253
136 348
136 549
136 557
136 559
136 590
136 633
136 649
136 822
136 828
136 880
136 882
136 883
137 155
137 159
137 175
137 214
137 215
137 256
137 271
137 309
137 581
137 729
137 950
138 146
138 165
138 204
138 419
138 424
138 499
138 550
138 555
138 621
138 674
138 677
138 764
138 801
138 805
138 850
138 877
138 999
139 266
139 318
139 323
139 375
139 488
139 496
139 510
139 572
139 642
139 680
139 743
139 790
139 809
139 830
140 172
140 239
140 252
140 255
140 282
140 417
140 519
140 605
140 676
140 765
140 795
140 894
140 898
140 949
140 991
141 146
141 151
141 166
141 168
141 191
141 218
141 258
141 277
141 299
141 320
141 397
141 458
141 511
141 527
141 529
141 585
141 603
141 713
141 780
141 785
141 805
141 841
141 953
141 968
141 985
142 146
142 166
142 177
142 199
142 239
142 279
142 287
142 319
142 332
142 347
142 396
142 445
142 460
142 562
142 584
142 630
142 650
142 661
142 782
142 805
142 811
142 818
142 893
142 903
142 992
143 241
143 348
143 415
143 586
143 668
143 942
143 976
143 977
144 184
144 271
144 335
144 362
144 380
144 466
144 468
144 525
144 534
144 545
144 566
144 612
144 621
144 726
144 821
144 845
144 867
144 880
144 915
145 198
145 209
145 224
145 229
145 247
145 250
145 258
145 284
145 327
145 468
145 482
145 484
145 669
145 766
145 791
146 151
146 180
146 183
146 246
146 306
146 314
146 350
146 360
146 385
146 432
146 542
146 635
146 647
146 781
146 788
146 849
146 878
147 184
147 209
147 295
147 418
147 477
147 619
147 754
147 820
147 829
147 929
148 198
148 240
148 274
148 292
148 306
148 317
148 427
148 434
148 438
148 478
148 506
148 563
148 565
148 566
148 570
148 596
148 671
148 714
148 766
148 785
148 809
148 969
149 215
149 330
149 369
149 403
149 440
149 450
149 463
149 619
149 624
149 733
149 781
149 801
149 893
149 923
149 953
149 967
150 152
150 171
150 197
150 203
150 288
150 295
150 310
150 336
150 443
150 481
150 499
150 704
150 706
150 760
150 847
150 888
150 892
150 931
150 961
150 964
151 158
151 204
151 320
151 326
151 391
151 405
151 424
151 458
151 471
151 541
151 570
151 575
151 589
151 595
151 641
151 737
151 828
151 882
151 949
151 974
152 254
152 419
152 474
152 515
152 562
152 625
152 658
152 683
152 694
152 698
152 732
152 736
152 796
152 934
152 974
153 217
153 238
153 318
153 390
153 392
153 577
153 605
153 627
153 649
153 650
153 660
153 661
153 845
153 889
153 964
154 372
154 374
154 385
154 387
154 393
154 560
154 566
154 668
154 680
154 711
154 769
154 802
154 806
154 829
154 835
154 838
154 852
155 192
155 267
155 286
155 303
155 313
155 475
155 571
155 576
155 583
155 597
155 643
155 689
155 707
155 865
155 895
155 902
155 973
155 991
156 224
156 235
156 315
156 392
156 399
156 401
156 452
156 688
156 753
156 816
156 913
157 190
157 327
157 415
157 423
157 508
157 524
157 551
157 667
157 794
157 848
157 850
157 869
157 884
157 895
157 987
158 169
158 193
158 239
158 277
158 339
158 364
158 396
158 448
158 451
158 469
158 574
158 606
158 688
158 733
158 910
158 971
158 982
159 165
159 232
159 279
159 302
159 323
159 358
159 386
159 428
159 521
159 575
159 647
159 747
159 760
159 763
159 840
159 870
159 904
159 913
159 971
160 309
160 337
160 411
160 491
160 496
160 505
160 605
160 681
160 730
160 881
160 892
160 918
160 996
161 178
161 193
161 246
161 297
161 338
161 376
161 456
161 461
161 530
161 583
161 592
161 608
161 610
161 689
161 696
161 735
161 770
161 895
161 897
161 952
161 954
161 964
162 212
162 294
162 299
162 350
162 519
162 595
162 618
162 646
162 699
162 721
162 867
162 901
162 929
163 228
163 245
163 293
163 330
163 374
163 376
163 418
163 590
163 607
163 657
163 712
163 722
163 927
163 975
163 988
164 237
164 285
164 408
164 468
164 479
164 577
164 602
164 669
164 694
164 811
164 972
164 976
165 207
165 220
165 230
165 252
165 262
165 299
165 344
165 362
165 365
165 428
165 479
165 483
165 534
165 569
165 590
165 657
165 724
165 750
165 786
165 828
165 831
165 836
165 869
165 880
165 950
165 973
165 987
165 997
166 190
166 229
166 251
166 282
166 284
166 352
166 375
166 419
166 421
166 478
166 551
166 613
166 622
166 628
166 642
166 679
166 707
166 714
166 792
166 818
166 860
166 913
167 185
167 191
167 288
167 313
167 411
167 414
167 444
167 473
167 586
167 601
167 720
167 783
167 816
167 848
167 850
167 902
168 175
168 270
168 291
168 294
168 300
168 323
168 458
168 482
168 517
168 532
168 865
168 932
168 952
168 955
168 980
169 227
169 309
169 320
169 340
169 429
169 512
169 560
169 561
169 576
169 593
169 625
169 649
169 698
169 737
169 826
169 925
169 939
170 241
170 279
170 295
170 300
170 326
170 328
170 357
170 362
170 381
170 466
170 472
170 602
170 606
170 613
170 677
170 772
170 789
170 832
170 916
170 923
171 236
171 339
171 450
171 472
171 481
171 492
171 496
171 515
171 526
171 564
171 567
171 592
171 662
171 728
171 793
171 868
172 193
172 289
172 345
172 362
172 398
172 419
172 478
172 508
172 526
172 538
172 572
172 600
172 636
172 705
172 710
172 781
172 821
172 870
172 928
173 379
173 455
173 497
173 625
173 670
173 695
173 709
173 720
173 779
173 801
173 806
173 898
173 901
174 175
174 196
174 308
174 345
174 353
174 510
174 525
174 533
174 542
174 559
174 811
174 822
174 865
175 187
175 225
175 290
175 310
175 312
175 335
175 347
175 447
175 492
175 534
175 544
175 575
175 598
175 614
175 651
175 660
175 683
175 699
175 728
175 792
175 846
175 857
175 859
175 892
175 946
175 993
176 190
176 254
176 273
176 281
176 395
176 438
176 521
176 546
176 743
176 782
176 808
176 908
176 973
177 180
177 215
177 283
177 324
177 335
177 384
177 414
177 538
177 558
177 567
177 598
177 602
177 779
177 797
177 829
177 952
178 228
178 325
178 453
178 458
178 480
178 497
178 553
178 642
178 655
178 711
178 742
178 760
178 804
178 808
178 830
178 927
178 930
178 947
178 966
178 984
179 206
179 283
179 304
179 329
179 383
179 453
179 454
179 498
179 549
179 581
179 592
179 648
179 685
179 691
179 825
179 830
179 885
179 923
179 943
179 986
179 997
180 182
180 243
180 279
180 390
180 421
180 470
180 506
180 535
180 551
180 556
180 632
180 650
180 724
180 782
180 796
180 800
180 842
180 964
181 250
181 312
181 327
181 333
181 462
181 486
181 507
181 732
181 755
181 761
181 788
181 867
181 935
181 943
181 960
181 979
181 999
182 330
182 364
182 375
182 430
182 520
182 527
182 547
182 548
182 567
182 611
182 650
182 684
182 690
182 771
182 775
182 844
182 876
182 953
182 976
183 205
183 213
183 230
183 289
183 367
183 453
183 491
183 542
183 583
183 598
183 619
183 622
183 683
183 688
183 703
183 705
183 828
183 893
183 907
183 910
183 977
184 214
184 221
184 314
184 380
184 490
184 497
184 501
184 524
184 609
184 620
184 731
184 732
184 784
184 823
184 899
184 903
184 912
185 202
185 267
185 283
185 293
185 467
185 500
185 617
185 640
185 730
185 793
185 800
185 821
185 848
185 873
185 912
185 946
185 965
186 247
186 326
186 382
186 512
186 523
186 540
186 551
186 558
186 584
186 619
186 715
186 767
186 872
186 881
186 903
186 970
186 998
187 228
187 268
187 284
187 321
187 322
187 388
187 414
187 428
187 435
187 450
187 457
187 485
187 508
187 524
187 692
187 750
187 778
187 903
187 979
187 986
188 317
188 400
188 513
188 564
188 664
188 735
188 782
188 796
188 859
188 874
188 886
188 906
188 948
188 950
188 980
189 203
189 223
189 227
189 259
189 278
189 344
189 414
189 421
189 425
189 479
189 524
189 622
189 654
189 835
189 844
189 874
189 914
189 929
190 268
190 273
190 399
190 404
190 405
190 470
190 501
190 510
190 596
190 689
190 845
190 880
190 906
190 958
190 980
190 996
191 313
191 331
191 338
191 386
191 414
191 558
191 578
191 643
191 650
191 766
191 785
191 791
191 935
191 949
192 262
192 437
192 505
192 555
192 580
192 593
192 601
192 646
192 655
192 751
192 788
192 816
192 825
192 850
192 859
192 924
193 202
193 236
193 248
193 299
193 337
193 339
193 358
193 378
193 395
193 428
193 548
193 575
193 669
193 675
193 677
193 714
193 745
193 751
193 798
193 803
193 827
193 829
193 878
193 884
193 937
193 991
194 207
194 385
194 409
194 506
194 605
194 638
194 660
194 856
194 869
194 898
195 209
195 217
195 231
195 353
195 360
195 362
195 379
195 433
195 468
195 480
195 541
195 544
195 570
195 603
195 648
195 696
195 817
195 839
195 849
195 919
196 245
196 266
196 286
196 666
196 700
196 709
196 835
197 341
197 343
197 364
197 412
197 441
197 458
197 499
197 532
197 571
197 605
197 629
197 680
197 705
197 775
197 937
197 954
198 390
198 487
198 526
198 584
198 654
198 758
198 767
198 824
198 883
198 899
198 905
198 910
198 971
198 990
199 281
199 282
199 300
199 337
199 476
199 494
199 632
199 655
199 707
199 732
199 733
199 765
199 768
199 830
199 922
199 978
200 263
200 277
200 349
200 364
200 390
200 457
200 609
200 764
200 765
200 778
200 810
201 213
201 330
201 382
201 392
201 395
201 478
201 493
201 495
201 592
201 656
201 762
201 813
201 815
201 850
201 864
201 903
201 913
202 225
202 298
202 662
202 800
202 866
203 205
203 256
203 261
203 271
203 285
203 346
203 360
203 446
203 541
203 626
203 671
203 698
203 953
203 966
204 220
204 304
204 363
204 385
204 388
204 486
204 522
204 526
204 559
204 566
204 795
204 822
205 377
205 452
205 460
205 531
205 533
205 565
205 573
205 633
205 650
205 656
205 669
205 672
205 682
205 715
205 720
205 723
205 852
205 862
205 887
206 208
206 306
206 391
206 411
206 464
206 521
206 669
206 791
206 817
206 854
206 865
206 873
206 919
206 968
206 979
207 220
207 228
207 302
207 505
207 624
207 684
207 691
207 800
207 838
207 950
208 425
208 445
208 475
208 477
208 498
208 537
208 580
208 628
208 659
208 680
208 691
208 757
208 899
208 929
208 971
209 265
209 301
209 392
209 550
209 579
209 694
209 919
209 977
210 268
210 452
210 483
210 520
210 638
210 661
210 740
210 774
210 831
211 319
211 538
211 559
211 569
211 587
211 608
211 614
211 623
211 631
211 932
211 983
212 232
212 243
212 279
212 285
212 288
212 309
212 364
212 373
212 403
212 454
212 459
212 478
212 533
212 537
212 634
212 635
212 682
212 709
212 802
212 833
212 900
212 902
212 907
212 910
212 952
212 976
212 998
213 247
213 348
213 349
213 366
213 400
213 504
213 666
213 777
213 923
213 995
214 321
214 334
214 342
214 422
214 551
214 576
214 610
214 620
214 643
214 758
214 828
214 832
214 872
214 918
214 962
215 222
215 287
215 372
215 380
215 408
215 412
215 567
215 670
215 675
215 686
215 693
215 708
215 735
215 817
215 833
215 923
215 999
216 513
216 514
216 569
216 627
216 657
216 728
216 759
216 859
216 923
216 960
217 269
217 276
217 327
217 334
217 366
217 371
217 394
217 415
217 453
217 474
217 526
217 724
217 804
217 834
217 904
217 988
218 241
218 258
218 308
218 310
218 421
218 428
218 496
218 527
218 563
218 576
218 577
218 679
218 793
218 844
218 948
219 233
219 260
219 331
219 383
219 412
219 441
219 484
219 497
219 564
219 591
219 615
219 629
219 674
219 827
220 235
220 293
220 338
220 408
220 419
220 444
220 541
220 592
220 641
220 869
220 963
220 988
221 260
221 295
221 351
221 355
221 399
221 520
221 591
221 619
221 625
221 683
221 700
221 752
221 763
221 764
221 779
221 788
221 795
221 850
222 225
222 410
222 444
222 528
222 585
222 622
222 631
222 635
222 643
222 662
222 671
222 817
222 832
222 893
222 982
223 237
223 316
223 317
223 392
223 463
223 528
223 554
223 590
223 658
223 676
223 688
223 759
223 777
224 228
224 240
224 294
224 314
224 346
224 417
224 439
224 454
224 549
224 614
224 642
224 730
224 755
224 768
224 777
224 794
224 851
224 999
225 239
225 307
225 428
225 457
225 505
225 553
225 583
225 598
225 607
225 621
225 644
225 698
225 750
225 762
226 258
226 270
226 359
226 414
226 499
226 559
226 624
226 668
226 678
226 714
226 739
226 759
226 765
226 828
226 973
226 986
227 235
227 346
227 360
227 502
227 544
227 633
227 645
227 710
227 735
227 757
227 798
227 882
227 927
227 957
227 987
228 231
228 262
228 269
228 285
228 404
228 442
228 464
228 494
228 543
228 554
228 576
228 609
228 646
228 704
228 741
228 829
228 860
229 413
229 416
229 418
229 439
229 446
229 462
229 499
229 533
229 584
229 796
229 942
229 974
229 993
230 247
230 305
230 370
230 487
230 586
230 670
230 708
230 732
230 788
230 792
230 862
230 890
230 916
230 920
230 923
230 935
231 264
231 272
231 293
231 344
231 378
231 393
231 422
231 423
231 472
231 473
231 490
231 495
231 588
231 625
231 656
231 703
231 765
231 828
231 843
231 884
231 914
231 938
231 947
231 980
232 253
232 269
232 314
232 449
232 483
232 520
232 529
232 564
232 657
232 680
232 743
232 772
232 794
232 844
232 899
232 964
233 273
233 303
233 375
233 479
233 620
233 686
233 725
233 856
233 898
233 905
233 956
234 293
234 313
234 348
234 406
234 418
234 427
234 459
234 531
234 745
234 770
234 816
234 910
235 304
235 343
235 435
235 454
235 548
235 601
235 620
235 623
235 636
235 669
235 674
235 684
235 798
235 855
235 907
235 908
236 249
236 298
236 329
236 401
236 485
236 545
236 561
236 584
236 607
236 748
236 753
236 764
236 819
236 914
236 945
236 997
237 240
237 241
237 296
237 340
237 362
237 429
237 517
237 543
237 597
237 609
237 626
237 645
237 689
237 693
237 788
237 813
237 869
237 890
237 986
238 349
238 370
238 519
238 527
238 544
238 555
238 557
238 634
238 671
238 684
238 708
238 722
238 759
238 768
238 838
238 920
238 957
239 286
239 461
239 480
239 498
239 557
239 566
239 576
239 627
239 632
239 643
239 715
239 760
239 801
239 815
239 824
239 852
239 856
239 920
239 947
239 951
240 283
240 309
240 343
240 354
240 430
240 469
240 477
240 517
240 522
240 525
240 551
240 581
240 591
240 603
240 774
240 791
240 814
241 282
241 297
241 329
241 334
241 361
241 447
241 538
241 552
241 563
241 602
241 611
241 660
241 712
241 745
241 759
241 808
241 846
241 939
241 986
241 990
242 272
242 304
242 390
242 405
242 431
242 438
242 464
242 569
242 728
242 732
242 871
242 952
242 955
242 959
242 963
243 332
243 337
243 342
243 361
243 362
243 402
243 665
243 669
243 717
243 808
243 956
243 957
243 967
243 987
243 989
244 349
244 360
244 404
244 407
244 444
244 461
244 547
244 577
244 579
244 583
244 669
244 705
244 717
244 725
244 748
244 750
244 781
244 851
244 898
244 900
245 257
245 287
245 442
245 458
245 467
245 470
245 518
245 582
245 605
245 642
245 646
245 714
245 812
245 830
245 855
245 937
245 978
245 983
245 986
246 250
246 280
246 293
246 301
246 328
246 336
246 357
246 367
246 404
246 416
246 520
246 526
246 534
246 661
246 722
246 848
247 367
247 423
247 425
247 442
247 453
247 699
247 740
247 744
247 780
247 782
247 861
247 888
247 988
247 991
248 250
248 306
248 311
248 336
248 379
248 430
248 476
248 525
248 564
248 569
248 601
248 622
248 638
248 643
248 659
248 695
248 699
248 736
248 739
248 851
248 860
248 985
249 266
249 271
249 417
249 521
249 525
249 654
249 856
249 907
249 946
249 978
250 281
250 306
250 307
250 313
250 404
250 409
250 457
250 551
250 756
250 764
250 806
250 836
250 859
250 892
250 989
251 267
251 310
251 320
251 339
251 341
251 347
251 548
251 581
251 585
251 594
251 650
251 751
251 836
251 871
251 941
251 984
252 325
252 326
252 401
252 426
252 442
252 443
252 486
252 635
252 685
252 689
252 721
252 815
252 850
252 965
253 262
253 279
253 427
253 567
253 653
253 680
253 737
253 769
253 774
253 804
253 808
253 815
253 889
253 939
253 992
254 313
254 378
254 436
254 442
254 517
254 606
254 638
254 746
254 749
254 795
254 878
254 989
255 339
255 345
255 374
255 422
255 436
255 529
255 574
255 598
255 687
255 720
255 757
255 764
255 830
255 881
256 277
256 302
256 330
256 340
256 375
256 410
256 586
256 625
256 635
256 758
256 795
256 826
256 880
256 888
256 944
256 948
256 998
257 285
257 302
257 380
257 401
257 435
257 492
257 522
257 580
257 586
257 680
257 682
257 695
257 757
257 819
257 892
257 923
257 966
257 987
258 436
258 440
258 497
258 510
258 519
258 606
258 628
258 661
258 670
258 698
258 703
258 711
258 830
258 873
258 908
258 936
258 942
258 980
259 278
259 290
259 303
259 318
259 384
259 495
259 607
259 740
259 856
259 864
259 901
259 904
259 964
259 973
260 286
260 297
260 312
260 331
260 345
260 445
260 463
260 500
260 510
260 537
260 619
260 652
260 655
260 749
260 805
260 857
260 921
260 926
260 941
260 971
261 285
261 309
261 313
261 340
261 373
261 396
261 437
261 515
261 589
261 598
261 612
261 685
261 689
261 809
261 836
261 905
261 914
261 941
261 977
262 305
262 317
262 450
262 533
262 697
262 702
262 725
262 749
262 885
262 894
262 929
263 305
263 306
263 312
263 319
263 324
263 455
263 656
263 679
263 788
263 904
264 321
264 453
264 461
264 477
264 493
264 508
264 539
264 577
264 644
264 671
264 681
264 710
264 750
264 754
264 811
264 818
264 967
265 269
265 294
265 414
265 445
265 452
265 569
265 639
265 809
266 304
266 312
266 333
266 344
266 356
266 363
266 418
266 472
266 495
266 523
266 533
266 611
266 649
266 672
266 748
266 768
266 836
266 876
266 892
266 979
267 287
267 394
267 443
267 548
267 555
267 673
267 708
267 771
267 784
267 870
267 981
267 988
267 995
267 999
268 335
268 515
268 534
268 579
268 602
268 605
268 614
268 627
268 645
268 685
268 719
268 745
268 965
268 997
269 278
269 338
269 550
269 656
269 687
269 802
269 809
269 919
270 279
270 292
270 307
270 358
270 384
270 389
270 463
270 482
270 592
270 598
270 621
270 624
270 640
270 701
270 727
270 737
270 746
270 839
270 876
270 879
270 914
270 974
271 309
271 317
271 365
271 415
271 512
271 596
271 605
271 631
271 695
271 729
271 768
271 775
271 784
271 838
271 841
271 887
271 949
271 950
272 295
272 308
272 365
272 494
272 502
272 582
272 709
272 762
272 786
272 838
272 887
272 896
273 309
273 315
273 324
273 411
273 429
273 452
273 470
273 724
273 830
273 871
273 887
273 895
274 381
274 514
274 614
274 650
274 746
274 799
274 821
274 956
275 344
275 363
275 402
275 499
275 539
275 559
275 607
275 685
275 724
275 737
275 738
275 751
275 765
275 796
275 819
275 821
275 873
275 874
275 912
275 968
276 282
276 328
276 453
276 503
276 510
276 512
276 586
276 714
276 722
276 730
276 770
276 840
276 921
277 332
277 524
277 527
277 564
277 575
277 625
277 649
277 681
277 711
277 722
277 782
277 795
277 809
277 838
277 914
277 959
277 987
278 290
278 294
278 309
278 314
278 373
278 435
278 513
278 912
279 305
279 417
279 438
279 444
279 542
279 565
279 610
279 733
279 784
279 989
280 350
280 386
280 427
280 467
280 511
280 543
280 551
280 638
280 681
280 691
280 824
280 909
281 297
281 311
281 317
281 435
281 513
281 537
281 549
281 655
281 711
281 902
281 925
281 981
281 999
282 290
282 296
282 321
282 327
282 333
282 371
282 376
282 417
282 487
282 565
282 643
282 683
282 692
282 752
282 769
282 838
282 938
283 295
283 343
283 530
283 551
283 608
283 653
283 692
283 710
283 731
283 756
283 777
283 779
283 807
283 866
283 997
284 295
284 344
284 349
284 387
284 408
284 420
284 467
284 487
284 540
284 623
284 642
284 695
284 730
284 759
284 763
284 802
284 847
284 849
284 872
284 934
284 953
284 965
284 977
285 309
285 328
285 415
285 519
285 555
285 709
285 713
285 719
285 764
285 798
285 802
285 860
285 896
285 984
286 290
286 295
286 488
286 604
286 686
286 730
286 836
286 871
286 893
287 437
287 489
287 498
287 595
287 604
287 666
287 676
287 731
287 815
287 891
287 892
287 939
287 959
288 318
288 337
288 357
288 432
288 433
288 489
288 492
288 495
288 561
288 676
288 697
288 727
288 756
288 801
288 878
288 905
288 919
288 940
288 960
288 992
289 305
289 306
289 320
289 335
289 346
289 358
289 403
289 450
289 515
289 604
289 779
289 890
289 976
290 330
290 415
290 431
290 457
290 484
290 584
290 670
290 696
290 750
290 822
290 861
290 876
290 931
290 952
291 350
291 367
291 406
291 470
291 506
291 559
291 768
291 844
291 984
292 335
292 355
292 357
292 408
292 431
292 432
292 474
292 492
292 514
292 521
292 542
292 571
292 613
292 708
292 720
292 803
292 852
292 966
293 301
293 308
293 331
293 399
293 403
293 418
293 446
293 513
293 542
293 595
293 668
293 754
293 775
293 790
293 825
293 846
293 902
293 992
293 998
294 356
294 411
294 439
294 484
294 555
294 577
294 590
294 610
294 656
294 720
294 812
294 833
294 872
294 907
295 497
295 629
295 684
295 703
295 745
295 935
295 990
296 324
296 386
296 388
296 392
296 454
296 508
296 514
296 519
296 532
296 542
296 544
296 602
296 615
296 652
296 663
296 677
296 742
296 785
296 931
296 972
297 357
297 447
297 459
297 460
297 493
297 512
297 520
297 524
297 552
297 600
297 608
297 697
297 760
297 788
297 954
298 328
298 382
298 486
298 664
298 671
298 722
298 733
298 838
298 877
298 909
298 980
298 988
299 352
299 406
299 449
299 562
299 620
299 704
299 726
299 761
299 960
300 318
300 402
300 465
300 471
300 530
300 614
300 741
300 778
300 888
300 895
301 360
301 366
301 373
301 392
301 423
301 531
301 544
301 599
301 606
301 611
301 732
301 733
301 807
301 817
301 908
302 328
302 358
302 363
302 411
302 428
302 473
302 515
302 601
302 603
302 720
302 739
302 812
302 861
302 904
302 909
302 951
302 987
302 994
303 314
303 363
303 391
303 419
303 429
303 590
303 591
303 627
303 632
303 760
303 864
303 889
303 938
303 945
304 306
304 358
304 426
304 466
304 570
304 580
304 652
304 677
304 705
304 785
304 798
304 877
304 904
304 946
305 318
305 349
305 356
305 375
305 379
305 490
305 547
305 598
305 666
305 682
305 740
305 778
305 817
305 867
305 881
306 326
306 374
306 386
306 438
306 479
306 554
306 627
306 651
306 664
306 731
306 789
306 813
306 963
307 329
307 373
307 383
307 417
307 432
307 449
307 465
307 673
307 674
307 708
307 997
308 311
308 345
308 354
308 373
308 383
308 388
308 550
308 595
308 758
308 790
308 797
308 838
308 857
308 873
309 375
309 415
309 507
309 569
309 573
309 584
309 641
309 695
309 720
309 726
309 867
309 960
310 331
310 363
310 387
310 477
310 563
310 571
310 622
310 631
310 711
310 747
310 788
310 824
310 849
311 415
311 442
311 459
311 513
311 519
311 520
311 521
311 552
311 612
311 630
311 690
311 704
311 770
311 784
311 792
311 803
311 825
311 832
311 843
311 900
311 911
311 914
311 944
311 954
312 347
312 394
312 397
312 468
312 505
312 532
312 538
312 543
312 552
312 566
312 640
312 646
312 659
312 675
312 717
312 731
312 816
312 820
312 828
312 881
312 940
312 979
313 321
313 333
313 454
313 475
313 478
313 488
313 547
313 597
313 616
313 651
313 738
313 806
313 839
313 846
313 873
313 892
314 320
314 336
314 368
314 480
314 487
314 509
314 583
314 660
314 697
314 899
315 551
315 585
315 600
315 640
315 686
315 697
315 698
315 722
315 800
315 808
315 896
315 911
315 984
316 438
316 471
316 482
316 544
316 690
316 710
316 744
316 745
316 813
316 879
316 913
316 917
316 927
316 975
317 459
317 498
317 508
317 561
317 677
317 741
317 818
317 878
317 899
317 915
317 974
318 322
318 342
318 399
318 435
318 491
318 534
318 605
318 677
318 764
318 778
318 887
318 928
318 931
318 941
319 335
319 436
319 470
319 471
319 488
319 540
319 551
319 567
319 594
319 675
319 689
319 697
319 723
319 844
319 879
319 897
320 365
320 418
320 421
320 427
320 491
320 531
320 538
320 568
320 591
320 644
320 688
320 689
320 776
320 814
320 890
320 921
321 365
321 452
321 597
321 614
321 629
321 641
321 691
321 740
321 795
321 827
321 847
321 899
321 979
322 343
322 352
322 460
322 479
322 503
322 539
322 557
322 627
322 659
322 662
322 667
322 704
322 763
322 802
322 860
322 866
323 408
323 470
323 506
323 512
323 582
323 612
323 641
323 648
323 676
323 851
323 883
323 890
323 937
323 998
324 330
324 379
324 496
324 507
324 560
324 586
324 598
324 615
324 641
324 708
324 729
324 797
324 846
324 905
324 972
325 394
325 410
325 531
325 608
325 773
325 909
325 948
326 337
326 454
326 490
326 543
326 591
326 622
326 672
326 679
326 704
326 882
326 887
327 383
327 385
327 453
327 476
327 478
327 508
327 601
327 612
327 627
327 637
327 847
327 881
327 931
327 971
328 524
328 619
328 696
328 715
328 743
328 787
328 861
328 975
328 998
329 345
329 406
329 433
329 533
329 725
329 731
329 739
329 744
329 755
329 857
329 930
329 954
330 364
330 366
330 422
330 423
330 448
330 580
330 601
330 647
330 665
330 699
330 736
330 745
330 763
330 795
330 879
330 888
330 901
330 932
330 948
330 960
330 976
330 991
330 996
331 334
331 429
331 531
331 597
331 619
331 647
331 678
331 753
331 801
331 835
331 860
331 900
331 926
331 950
331 971
332 405
332 454
332 465
332 504
332 776
332 805
332 812
332 866
332 870
332 871
332 882
332 920
333 337
333 395
333 417
333 490
333 629
333 646
333 675
333 818
334 341
334 365
334 369
334 397
334 458
334 477
334 481
334 631
334 636
334 674
334 675
334 763
334 764
334 818
334 830
334 953
334 995
335 415
335 427
335 485
335 582
335 619
335 620
335 689
335 703
335 711
335 844
335 849
335 912
335 997
336 346
336 361
336 435
336 476
336 505
336 507
336 630
336 666
336 808
336 818
336 858
336 926
337 351
337 412
337 598
337 647
337 652
337 795
337 800
337 904
337 967
338 444
338 604
338 630
338 644
338 748
338 788
338 942
338 978
339 438
339 454
339 486
339 512
339 555
339 577
339 629
339 731
339 869
339 930
340 476
340 507
340 600
340 609
340 615
340 637
340 655
340 761
340 807
340 808
340 823
340 849
340 885
340 919
340 952
340 974
340 980
341 401
341 497
341 545
341 598
341 640
341 647
341 768
341 770
341 791
341 815
341 923
341 968
341 978
341 996
341 998
342 374
342 406
342 408
342 433
342 436
342 441
342 484
342 516
342 583
342 618
342 633
342 641
342 646
342 734
342 750
342 785
342 897
342 931
342 939
343 419
343 427
343 593
343 601
343 612
343 651
343 751
343 753
343 786
343 817
343 910
343 983
344 392
344 428
344 487
344 541
344 554
344 620
344 842
344 868
344 880
344 890
344 891
344 918
344 947
344 949
345 384
345 388
345 419
345 480
345 536
345 574
345 778
345 794
345 801
345 892
346 441
346 526
346 542
346 597
346 617
346 704
346 711
346 799
346 801
346 829
346 894
346 926
346 954
347 409
347 411
347 433
347 474
347 524
347 626
347 648
347 657
347 665
347 821
347 847
347 857
347 992
348 447
348 545
348 578
348 611
348 658
348 775
348 787
348 830
348 950
348 997
349 408
349 510
349 551
349 629
349 727
349 767
349 789
349 808
349 878
349 980
349 998
350 386
350 423
350 606
350 645
350 686
350 713
350 784
350 792
350 939
350 999
351 418
351 466
351 630
351 633
351 642
351 687
351 695
351 699
351 732
351 743
351 801
351 921
351 995
352 475
352 510
352 583
352 601
352 619
352 645
352 823
352 844
352 875
352 902
352 907
352 980
353 493
353 497
353 644
353 743
353 779
353 791
353 857
354 356
354 382
354 430
354 441
354 517
354 573
354 591
354 762
354 831
354 851
354 855
354 871
354 880
354 887
354 950
355 447
355 452
355 460
355 475
355 582
355 604
355 637
355 735
355 763
355 841
355 924
356 404
356 415
356 455
356 461
356 495
356 613
356 648
356 661
356 739
356 846
356 863
356 942
356 970
357 408
357 419
357 494
357 519
357 526
357 529
357 533
357 639
357 677
357 681
357 775
357 800
357 863
357 919
358 403
358 497
358 526
358 534
358 535
358 576
358 600
358 621
358 629
358 702
358 770
358 868
358 883
358 934
358 941
359 531
359 548
359 597
359 604
359 648
359 658
359 708
359 757
359 823
359 875
359 890
359 963
359 977
359 980
360 423
360 445
360 446
360 462
360 463
360 472
360 691
360 710
360 767
360 907
360 934
360 997
361 375
361 443
361 552
361 619
361 627
361 655
361 705
361 757
361 847
361 869
361 880
361 948
361 991
362 636
362 637
362 660
362 778
362 791
362 812
362 829
362 838
362 874
362 894
362 937
362 939
362 977
363 408
363 464
363 473
363 474
363 533
363 573
363 610
363 716
363 730
363 859
363 892
363 897
363 929
363 949
363 954
363 957
364 389
364 422
364 425
364 511
364 615
364 632
364 637
364 677
364 729
364 827
365 379
365 516
365 585
365 596
365 642
365 674
365 733
365 808
365 823
365 842
365 872
365 985
365 997
366 403
366 520
366 578
366 704
366 712
366 730
366 759
366 760
366 768
366 782
366 809
366 888
366 890
366 893
367 438
367 506
367 582
367 608
367 612
367 711
367 723
367 732
367 771
367 987
368 548
368 630
368 643
368 662
368 675
368 730
368 772
368 835
368 879
368 895
368 899
368 951
369 417
369 470
369 504
369 672
369 679
369 685
369 737
369 778
369 789
369 815
369 877
370 375
370 419
370 444
370 510
370 591
370 655
370 671
370 693
370 820
370 832
370 883
370 964
370 988
370 993
371 398
371 507
371 547
371 625
371 628
371 748
371 758
371 780
371 793
371 806
371 862
371 869
371 892
371 956
372 374
372 398
372 507
372 684
372 692
372 709
372 764
372 771
372 790
372 793
372 840
372 887
372 925
372 947
373 382
373 385
373 395
373 404
373 421
373 441
373 454
373 463
373 489
373 561
373 568
373 614
373 631
373 671
373 692
373 765
373 772
373 815
373 891
373 892
373 927
374 486
374 513
374 554
374 588
374 625
374 806
374 899
374 906
374 987
375 680
375 689
375 718
375 758
375 938
375 968
375 997
376 382
376 398
376 460
376 468
376 502
376 532
376 649
376 655
376 661
376 733
376 754
376 863
376 883
376 904
376 914
376 915
376 921
376 954
377 420
377 426
377 447
377 504
377 505
377 541
377 561
377 588
377 671
377 753
377 853
377 927
378 408
378 420
378 504
378 526
378 548
378 551
378 630
378 721
378 758
378 819
378 927
379 400
379 407
379 425
379 499
379 538
379 604
379 608
379 652
379 766
379 787
379 998
380 489
380 528
380 607
380 608
380 652
380 693
380 724
380 731
380 733
380 774
380 788
380 830
380 836
380 858
380 890
380 898
380 956
381 384
381 441
381 499
381 561
381 607
381 619
381 641
381 665
381 782
381 845
381 874
382 427
382 491
382 671
382 701
382 711
382 749
382 790
382 812
382 824
382 936
382 957
383 391
383 456
383 491
383 503
383 511
383 574
383 598
383 771
383 788
383 795
383 803
383 874
383 952
383 986
384 533
384 550
384 584
384 607
384 614
384 617
384 682
384 705
384 758
384 760
384 807
384 849
384 899
384 925
384 963
385 388
385 442
385 456
385 487
385 491
385 497
385 514
385 515
385 544
385 616
385 674
385 743
386 410
386 419
386 508
386 549
386 596
386 604
386 613
386 719
386 749
386 860
386 892
386 961
386 976
387 453
387 515
387 589
387 767
387 771
387 790
387 923
387 971
387 990
388 419
388 424
388 479
388 535
388 617
388 629
388 635
388 779
388 883
388 917
388 975
389 598
389 654
389 672
389 699
389 717
389 751
389 754
389 781
389 783
389 796
389 804
389 860
389 881
389 882
389 946
390 391
390 497
390 536
390 543
390 629
390 639
390 667
390 668
390 679
390 698
390 784
390 921
390 968
390 985
391 394
391 537
391 575
391 594
391 600
391 612
391 684
391 713
391 803
391 827
391 830
391 831
391 869
391 941
392 489
392 501
392 656
392 672
392 721
392 767
392 863
392 996
393 488
393 504
393 549
393 565
393 600
393 611
393 618
393 724
393 798
393 818
393 845
393 896
393 941
393 960
394 419
394 528
394 649
394 766
394 779
394 816
394 923
394 937
394 962
394 971
394 982
395 396
395 411
395 460
395 499
395 516
395 662
395 699
395 723
395 729
395 741
395 767
395 778
395 786
395 827
395 852
395 889
395 985
396 504
396 575
396 670
396 675
396 749
396 769
396 789
396 948
396 982
397 419
397 477
397 518
397 523
397 528
397 591
397 620
397 628
397 667
397 785
397 822
397 861
397 883
397 892
397 912
398 498
398 533
398 599
398 646
398 671
398 706
398 737
398 827
398 911
398 959
399 527
399 540
399 587
399 591
399 608
399 678
399 695
399 698
399 712
399 715
399 792
399 793
399 807
399 831
399 873
399 953
399 965
400 428
400 464
400 467
400 509
400 512
400 531
400 555
400 574
400 587
400 692
400 696
400 825
400 838
400 840
400 844
400 856
400 960
400 964
400 987
400 995
401 477
401 542
401 612
401 715
401 731
401 762
401 768
401 843
401 866
401 940
401 958
402 545
402 698
402 700
402 712
402 765
402 795
402 818
402 852
402 887
402 916
402 970
402 972
402 999
403 406
403 469
403 475
403 503
403 633
403 701
403 904
403 929
403 965
403 977
403 992
404 421
404 428
404 431
404 500
404 577
404 588
404 655
404 670
404 800
404 802
404 806
404 837
404 848
404 872
404 900
404 902
404 910
404 932
404 939
404 945
404 965
405 461
405 514
405 628
405 649
405 714
405 796
405 816
405 854
405 901
405 920
405 929
405 958
406 455
406 539
406 612
406 637
406 655
406 656
406 677
406 689
406 709
406 730
406 761
406 873
406 929
406 957
407 451
407 452
407 495
407 504
407 628
407 695
407 719
407 835
408 521
408 523
408 581
408 657
408 662
408 680
408 706
408 751
408 865
408 872
408 903
408 989
408 993
408 995
409 536
409 584
409 612
409 662
409 702
409 752
409 757
409 810
409 839
409 841
409 866
409 944
409 976
409 998
410 415
410 492
410 550
410 608
410 641
410 649
410 655
410 760
410 907
410 912
410 933
410 975
411 554
411 589
411 651
411 703
411 744
411 755
411 841
411 860
411 897
411 923
411 934
412 459
412 522
412 704
412 708
412 753
412 784
412 935
412 949
412 965
413 429
413 431
413 437
413 442
413 485
413 579
413 617
413 700
413 784
413 876
413 922
413 961
413 988
414 425
414 457
414 534
414 570
414 700
414 780
414 821
414 887
414 889
414 905
414 942
415 554
415 709
415 711
415 741
415 848
415 850
415 852
415 988
416 447
416 470
416 487
416 500
416 525
416 552
416 556
416 620
416 628
416 682
416 737
416 767
416 809
416 856
416 877
416 884
416 931
417 426
417 469
417 482
417 494
417 571
417 732
417 826
417 827
417 840
417 851
417 924
417 967
417 995
417 996
418 500
418 508
418 522
418 799
418 858
418 885
418 887
418 889
418 937
418 962
419 445
419 464
419 568
419 609
419 680
419 741
419 748
419 769
419 795
419 881
419 895
419 917
419 945
420 489
420 710
420 721
420 729
420 738
420 754
420 790
420 849
420 931
420 969
420 977
421 465
421 471
421 585
421 625
421 651
421 727
421 777
421 823
421 945
422 487
422 488
422 514
422 648
422 666
422 810
422 860
422 955
423 448
423 563
423 659
423 738
423 834
423 925
423 965
423 976
424 427
424 468
424 533
424 564
424 620
424 665
424 673
424 721
424 729
424 830
424 863
424 881
424 963
425 437
425 458
425 474
425 496
425 497
425 506
425 544
425 602
425 653
425 661
425 699
425 709
425 729
425 738
425 744
425 763
425 799
425 850
425 911
425 929
425 971
426 587
426 630
426 634
426 655
426 675
426 699
426 742
426 873
426 876
426 935
426 950
427 457
427 513
427 528
427 585
427 606
427 646
427 697
427 724
427 842
427 845
427 864
427 873
427 929
427 968
428 519
428 562
428 621
428 625
428 655
428 889
428 895
428 896
429 437
429 546
429 580
429 606
429 638
429 663
429 667
429 673
429 692
429 705
429 756
429 772
429 934
429 940
429 944
430 437
430 438
430 462
430 568
430 600
430 611
430 757
430 884
430 912
431 439
431 500
431 515
431 524
431 531
431 544
431 575
431 581
431 705
431 707
431 723
431 747
431 753
431 897
431 946
431 994
431 997
432 435
432 460
432 530
432 718
432 732
432 771
432 854
432 980
433 497
433 570
433 687
433 698
433 728
433 753
433 877
433 959
434 477
434 483
434 524
434 582
434 604
434 700
434 855
434 890
434 903
434 917
434 920
434 927
435 439
435 452
435 472
435 489
435 578
435 633
435 637
435 761
435 819
435 822
435 925
435 941
435 989
436 461
436 520
436 623
436 762
436 766
436 767
436 843
436 887
436 996
437 463
437 484
437 533
437 538
437 553
437 572
437 595
437 633
437 755
437 843
437 854
437 992
438 447
438 704
438 748
438 805
438 807
438 818
438 845
438 978
439 534
439 575
439 585
439 764
439 801
439 820
439 834
439 981
440 653
440 752
440 758
440 801
440 850
440 870
440 886
440 936
440 938
441 540
441 541
441 569
441 586
441 631
441 636
441 639
441 708
441 765
441 850
441 942
441 979
442 474
442 503
442 535
442 576
442 590
442 621
442 657
442 700
442 718
442 804
442 815
442 824
442 881
442 941
442 957
442 966
442 975
443 463
443 594
443 616
443 694
443 811
443 848
443 855
443 955
443 988
444 732
444 794
444 795
444 858
444 867
444 890
444 992
445 489
445 501
445 547
445 594
445 664
445 687
445 697
445 702
445 718
445 832
445 927
445 971
446 471
446 487
446 490
446 494
446 506
446 509
446 520
446 581
446 614
446 621
446 690
446 739
446 765
446 787
446 838
446 843
446 905
447 453
447 535
447 569
447 613
447 692
447 699
447 779
447 881
447 965
447 983
448 498
448 617
448 664
448 670
448 791
448 806
448 817
448 941
449 451
449 458
449 468
449 619
449 621
449 749
449 767
449 857
449 943
450 471
450 516
450 569
450 589
450 592
450 598
450 604
450 626
450 630
450 632
450 684
450 732
450 797
450 844
450 883
450 994
451 548
451 645
451 666
451 693
451 706
451 711
451 724
451 733
451 762
451 787
451 832
451 840
451 845
451 900
451 940
451 993
451 996
452 474
452 580
452 649
452 655
452 786
452 869
452 899
452 906
452 949
453 483
453 538
453 539
453 550
453 586
453 620
453 653
453 685
453 779
453 786
453 844
454 560
454 591
454 618
454 640
454 694
454 718
454 721
454 769
454 772
454 778
454 847
454 865
454 966
455 469
455 622
455 629
455 641
455 736
455 761
455 816
455 887
455 952
456 533
456 636
456 644
456 691
456 730
456 810
456 829
456 875
456 912
456 970
457 586
457 651
457 700
457 708
457 717
457 732
457 785
457 796
457 876
457 894
457 920
457 945
458 481
458 489
458 505
458 559
458 639
458 641
458 657
458 662
458 668
458 671
458 687
458 799
458 815
458 840
458 874
458 957
458 990
458 993
459 464
459 472
459 520
459 601
459 639
459 763
459 775
459 793
459 811
459 902
459 970
460 462
460 488
460 570
460 847
460 877
460 960
460 972
461 509
461 541
461 587
461 693
461 719
461 755
461 879
461 939
461 956
461 965
462 465
462 538
462 554
462 625
462 628
462 641
462 688
462 836
462 870
462 887
462 908
462 997
463 479
463 492
463 506
463 545
463 673
463 732
463 793
463 884
463 895
463 992
464 575
464 578
464 597
464 651
464 659
464 668
464 804
464 862
464 947
465 473
465 507
465 588
465 637
465 648
465 681
465 802
465 831
465 891
465 919
465 954
465 978
465 987
465 997
466 495
466 523
466 561
466 647
466 870
466 995
467 471
467 517
467 534
467 562
467 624
467 686
467 780
467 782
467 831
467 866
467 941
468 476
468 490
468 570
468 571
468 591
468 610
468 634
468 719
468 854
468 873
468 886
468 889
468 922
468 934
468 969
469 524
469 754
469 758
469 766
469 780
469 785
469 816
469 844
469 932
469 951
470 471
470 578
470 594
470 603
470 605
470 608
470 640
470 795
470 999
471 517
471 570
471 606
471 636
471 658
471 666
471 820
471 862
471 863
471 916
471 966
472 481
472 535
472 541
472 555
472 560
472 564
472 635
472 734
472 749
472 796
472 812
472 848
472 879
472 934
472 956
473 487
473 721
473 758
473 782
473 819
473 996
474 633
474 724
474 883
474 887
474 913
474 919
475 531
475 554
475 723
475 816
475 823
475 876
475 912
475 953
475 956
476 521
476 566
476 648
476 687
476 781
476 805
476 937
477 554
477 586
477 656
477 693
477 694
477 695
477 777
477 811
477 866
477 900
477 946
477 969
478 495
478 528
478 635
478 672
478 736
478 741
478 810
478 846
478 860
478 867
478 891
478 894
479 562
479 573
479 611
479 643
479 755
479 883
479 908
480 502
480 521
480 576
480 658
480 689
480 757
480 781
480 859
480 905
480 911
480 995
481 496
481 623
481 635
481 677
481 869
481 871
481 872
481 975
481 983
482 504
482 620
482 664
482 676
482 711
482 782
482 911
482 922
482 971
483 498
483 522
483 541
483 753
483 767
483 770
483 772
483 800
483 828
483 915
483 929
483 936
483 988
484 509
484 569
484 634
484 665
484 669
484 695
484 912
484 921
484 922
484 925
485 497
485 502
485 530
485 697
485 707
485 963
486 583
486 631
486 653
486 683
486 747
486 803
486 806
486 963
486 978
486 999
487 497
487 541
487 545
487 569
487 584
487 590
487 605
487 657
487 698
487 733
487 758
487 809
487 898
487 943
487 969
488 558
488 692
488 739
488 757
488 763
488 765
488 816
488 938
488 950
489 501
489 605
489 659
489 751
489 870
489 913
489 922
489 957
489 984
489 988
490 506
490 609
490 660
490 739
490 803
490 815
490 892
490 913
490 955
490 999
491 579
491 641
491 684
491 698
491 714
491 811
491 882
492 591
492 671
492 672
492 711
492 795
492 811
492 870
492 932
492 984
493 522
493 569
493 590
493 594
493 595
493 671
493 688
493 705
493 916
493 970
493 987
494 569
494 600
494 644
494 761
494 769
494 862
494 891
494 972
495 560
495 564
495 604
495 686
495 736
495 754
495 811
495 963
496 550
496 592
496 611
496 666
496 668
496 688
496 730
496 746
496 766
496 783
496 786
496 828
496 893
496 923
496 965
496 969
497 511
497 731
497 748
497 789
497 823
497 832
497 857
497 878
497 884
497 886
497 915
497 941
498 557
498 578
498 604
498 848
498 960
498 978
498 988
499 534
499 587
499 644
499 734
499 795
499 980
500 510
500 569
500 585
500 763
500 775
500 905
500 933
500 959
500 962
501 515
501 518
501 584
501 607
501 637
501 641
501 683
501 685
501 709
501 798
501 830
501 862
501 913
501 931
501 938
501 942
502 522
502 590
502 608
502 630
502 724
502 737
502 745
502 797
502 801
502 857
502 903
502 929
502 935
503 506
503 533
503 569
503 657
503 668
503 743
503 765
503 813
503 820
503 939
503 953
504 582
504 605
504 624
504 727
504 784
504 792
504 829
504 872
504 907
504 966
505 639
505 658
505 762
505 767
505 777
505 789
505 810
505 836
505 851
505 967
505 993
506 538
506 554
506 662
506 800
506 866
506 871
506 940
507 544
507 566
507 659
507 738
507 790
507 882
507 887
507 950
507 953
507 999
508 589
508 643
508 757
508 849
508 861
508 883
508 895
508 912
509 529
509 616
509 629
509 668
509 703
509 987
510 575
510 587
510 602
510 646
510 686
510 701
510 721
510 743
510 757
510 819
510 879
510 980
511 548
511 558
511 637
511 641
511 650
511 680
511 683
511 762
511 842
511 847
511 852
511 973
511 991
512 573
512 646
512 704
512 706
512 707
512 724
512 728
512 739
512 758
512 759
512 778
512 900
512 930
512 945
513 699
513 785
513 808
513 879
513 912
513 946
513 948
513 956
513 974
514 524
514 540
514 553
514 569
514 601
514 658
514 878
514 972
515 543
515 547
515 564
515 699
515 735
515 737
515 763
515 778
515 788
515 832
515 953
515 982
516 542
516 558
516 588
516 611
516 627
516 665
516 680
516 696
516 747
516 772
516 790
516 791
516 826
516 851
516 861
516 890
516 908
516 928
516 982
517 582
517 585
517 591
517 650
517 713
517 726
517 848
517 895
518 543
518 547
518 589
518 844
518 888
518 892
518 953
518 958
518 971
518 973
518 987
519 666
519 677
519 783
519 808
519 855
519 928
520 627
520 650
520 700
520 707
520 710
520 761
520 859
520 998
520 999
521 604
521 657
521 673
521 678
521 689
521 711
521 713
521 726
521 795
521 846
521 852
521 868
521 894
521 992
522 534
522 560
522 601
522 611
522 673
522 688
522 800
522 954
522 961
523 533
523 559
523 573
523 613
523 627
523 629
523 764
523 768
523 990
524 551
524 572
524 678
524 684
524 699
524 720
524 735
524 737
524 801
524 908
524 965
524 981
525 566
525 625
525 723
525 738
525 855
525 862
525 928
525 952
525 996
525 997
526 552
526 580
526 615
526 630
526 679
526 685
526 733
526 742
526 754
526 786
526 896
526 910
526 981
527 563
527 620
527 623
527 662
527 663
527 670
527 678
527 679
527 694
527 784
527 786
527 896
527 898
527 908
528 546
528 577
528 617
528 698
528 756
528 765
529 535
529 549
529 702
529 710
529 719
529 743
529 747
529 757
529 965
530 573
530 603
530 704
530 705
530 729
530 780
530 816
530 832
530 833
530 837
530 841
530 946
530 975
530 980
531 612
531 646
531 658
531 686
531 719
531 722
531 831
531 832
531 857
531 925
531 937
531 957
532 622
532 630
532 649
532 717
532 757
532 812
532 820
532 837
532 867
532 879
532 911
532 985
532 995
533 541
533 571
533 678
533 697
533 826
533 829
534 560
534 621
534 699
534 844
534 932
534 971
534 986
535 675
535 766
535 819
535 850
535 882
535 888
535 935
535 955
536 538
536 564
536 571
536 614
536 670
536 697
536 718
536 736
536 746
536 808
536 884
536 935
536 936
536 946
537 630
537 681
537 685
537 700
537 734
537 937
537 981
538 635
538 687
538 690
538 722
538 734
538 777
538 792
538 839
538 877
538 896
538 897
539 568
539 596
539 599
539 612
539 618
539 696
539 838
539 847
539 880
539 975
539 999
540 569
540 621
540 649
540 669
540 671
540 784
540 792
540 853
540 868
540 870
540 874
540 981
541 543
541 569
541 673
541 725
541 763
541 820
541 882
541 908
541 934
541 936
542 653
542 709
542 771
542 796
542 875
542 893
542 924
542 925
543 548
543 651
543 652
543 736
543 777
543 809
543 820
543 840
543 880
543 892
543 928
543 980
544 546
544 575
544 626
544 683
544 740
544 821
544 911
544 949
545 571
545 605
545 636
545 678
545 689
545 819
545 883
545 919
545 926
545 930
545 935
545 952
545 958
545 996
546 639
546 650
546 684
546 696
546 842
546 903
547 584
547 594
547 618
547 646
547 708
547 743
547 811
547 829
547 988
548 601
548 635
548 683
548 721
548 772
548 775
548 815
548 838
548 846
548 929
548 939
549 558
549 590
549 668
549 697
549 752
549 768
549 775
549 810
549 826
549 829
549 918
549 936
549 961
550 596
550 642
550 770
550 796
550 847
550 880
551 616
551 685
551 686
551 687
551 697
551 698
551 766
551 773
551 802
551 814
552 591
552 595
552 623
552 774
552 788
552 896
552 934
552 941
553 597
553 717
553 787
553 816
553 862
553 864
553 889
553 891
553 932
553 982
554 561
554 666
554 725
554 798
554 864
554 911
554 958
555 567
555 572
555 593
555 609
555 739
555 882
555 950
556 569
556 651
556 654
556 681
556 728
556 739
556 781
556 812
556 823
556 892
556 945
556 993
557 621
557 638
557 983
558 602
558 631
558 637
558 684
558 688
558 698
558 743
558 752
558 796
558 816
558 830
558 901
558 922
558 932
558 941
559 600
559 616
559 701
559 734
559 859
559 929
560 691
560 701
560 704
560 797
560 866
560 915
561 570
561 581
561 603
561 606
561 641
561 655
561 696
561 704
561 725
561 736
561 753
561 763
561 779
561 799
561 833
561 902
561 980
561 987
561 992
562 578
562 641
562 666
562 694
562 703
562 752
562 787
562 819
562 829
562 904
562 905
562 913
562 917
562 928
563 693
563 716
563 746
563 776
563 880
563 950
563 992
563 994
564 583
564 599
564 624
564 630
564 681
564 700
564 783
564 810
564 821
564 824
564 838
564 849
564 919
564 963
564 971
565 653
565 731
565 737
565 767
565 781
565 894
565 958
565 959
565 983
565 999
566 675
566 681
566 794
566 822
566 824
567 614
567 629
567 632
567 647
567 650
567 658
567 673
567 717
567 718
567 792
567 976
568 586
568 683
568 698
568 793
568 837
569 613
569 719
569 750
569 788
570 627
570 743
570 762
570 829
570 838
570 853
570 947
570 992
571 577
571 612
571 632
571 670
571 685
571 715
571 736
571 745
571 755
571 761
571 830
571 879
571 881
571 882
571 915
572 617
572 725
572 785
572 871
572 955
572 994
573 657
573 706
573 856
573 862
574 625
574 684
574 710
574 718
574 733
574 734
574 756
574 769
574 778
574 884
574 902
574 907
574 912
574 969
575 576
575 601
575 621
575 709
575 719
575 791
575 853
575 857
575 895
576 601
576 622
576 631
576 655
576 668
576 708
576 722
576 782
576 793
576 798
576 817
576 892
576 908
577 603
577 900
577 954
578 619
578 620
578 662
578 767
578 861
578 915
578 944
578 965
578 980
579 587
579 619
579 846
579 882
579 986
579 997
580 690
580 714
580 892
581 595
581 636
581 643
581 659
581 677
581 768
581 828
582 672
582 690
582 872
582 885
582 921
582 972
582 981
583 646
583 666
583 729
583 733
583 833
583 859
583 922
583 986
584 680
584 757
584 759
584 783
584 888
584 970
585 665
585 731
585 909
585 946
585 950
585 966
585 974
586 640
586 671
586 694
586 716
586 726
586 760
586 814
586 825
586 865
586 907
586 917
586 937
587 596
587 614
587 650
587 817
587 878
587 977
587 978
588 598
588 616
588 631
588 635
588 797
588 915
589 596
589 612
589 643
589 704
589 728
589 830
589 990
590 628
590 642
590 761
590 851
590 859
590 870
590 952
590 980
591 647
591 652
591 657
591 696
591 719
591 797
591 852
591 952
591 968
591 978
592 611
592 639
592 712
592 786
592 867
592 883
592 935
592 996
593 624
593 722
593 724
593 735
593 782
593 871
593 912
594 628
594 648
594 687
594 781
594 785
594 811
594 837
594 872
594 909
595 643
595 644
595 656
595 692
595 725
595 772
595 776
595 786
595 811
595 876
595 909
595 912
595 977
596 651
596 727
596 788
596 800
596 864
596 869
596 873
596 886
596 908
596 915
596 926
596 946
596 971
596 972
596 982
597 701
597 761
597 792
597 814
597 820
597 846
597 857
597 927
597 937
597 940
597 946
597 973
598 622
598 650
598 675
598 684
598 789
598 796
598 811
598 848
598 875
598 884
598 904
598 958
598 963
599 668
599 691
599 713
599 749
599 794
599 845
599 883
599 891
599 912
599 957
600 690
600 694
600 700
600 706
600 748
600 749
600 770
600 784
600 804
600 821
600 840
600 904
600 920
600 933
600 963
601 745
601 757
601 777
601 902
601 955
601 989
602 654
602 698
602 701
602 714
602 725
602 774
602 782
602 838
602 898
602 911
602 913
602 976
602 983
603 686
603 837
603 848
603 901
603 942
603 970
603 991
604 612
604 771
604 839
604 855
604 895
604 942
604 996
605 650
605 658
605 713
605 723
605 743
605 799
605 846
606 664
606 678
606 696
606 707
606 793
606 805
606 898
606 973
607 615
607 677
607 679
607 719
607 782
607 800
607 827
607 843
607 938
607 947
607 990
608 612
608 635
608 646
608 692
608 718
608 814
608 815
608 923
608 954
608 959
608 980
609 625
609 650
609 781
609 788
609 805
609 831
609 840
609 875
609 889
610 616
610 644
610 689
610 732
610 759
610 808
610 827
610 849
610 881
610 902
610 916
610 945
610 966
610 975
611 640
611 644
611 838
611 854
611 858
611 927
611 934
611 957
611 993
612 780
612 828
612 856
612 887
612 961
613 619
613 624
613 640
613 698
613 751
613 790
613 856
613 913
614 644
614 680
614 695
614 845
614 950
615 640
615 642
615 877
615 887
615 910
615 969
615 982
616 624
616 686
616 747
616 767
616 809
616 890
616 909
616 925
616 962
617 679
617 805
617 811
617 847
617 873
617 940
617 950
617 980
618 663
618 667
618 761
618 845
618 867
618 903
618 983
619 651
619 687
619 756
619 772
619 817
619 900
619 911
620 667
620 697
620 698
620 741
620 785
620 795
620 813
620 895
620 933
620 934
620 960
620 985
621 645
621 657
621 674
621 691
621 751
621 778
621 857
621 871
621 952
622 638
622 695
622 704
622 826
622 851
622 866
622 934
622 959
622 970
623 625
623 635
623 828
623 840
623 856
623 875
623 896
623 943
624 704
624 725
624 771
624 866
624 929
624 948
625 706
625 860
625 868
625 914
626 649
626 688
626 726
626 822
626 882
626 907
626 957
627 676
627 774
627 800
627 856
627 889
628 651
628 673
628 882
628 946
628 952
628 970
629 768
629 771
629 789
629 840
629 853
629 879
629 890
629 952
629 985
630 631
630 648
630 780
630 820
630 824
630 830
630 866
630 882
630 924
630 991
630 995
631 705
631 731
631 791
631 860
631 953
632 714
632 746
632 778
632 877
632 917
632 969
633 665
633 685
633 692
633 733
633 753
633 761
633 947
634 652
634 703
634 800
634 912
634 966
635 733
635 764
635 787
635 816
635 845
635 867
635 928
635 971
635 987
636 652
636 658
636 691
636 699
636 726
636 798
636 809
636 819
636 833
636 876
636 885
636 903
637 664
637 675
637 702
637 722
637 814
637 843
637 880
637 952
637 960
637 977
637 994
638 702
638 732
638 765
638 798
638 846
638 930
639 680
639 735
639 819
639 824
639 855
639 919
639 992
640 675
640 677
640 690
640 793
640 910
640 914
640 915
640 937
641 654
641 656
641 754
641 797
641 806
641 870
641 876
641 919
641 976
641 985
642 734
642 796
642 843
642 864
642 902
642 927
642 959
642 985
643 647
643 661
643 691
643 757
643 764
643 874
643 931
644 710
644 808
644 828
644 847
644 886
644 927
645 691
645 796
645 828
645 890
645 911
645 912
645 949
645 963
646 652
646 700
646 746
646 768
646 809
646 929
647 655
647 704
647 736
647 742
647 797
647 824
647 841
647 913
647 923
647 953
648 664
648 751
648 767
648 769
648 783
648 795
648 807
648 810
648 858
648 926
648 956
649 654
649 694
649 736
649 757
649 777
649 779
649 817
649 838
649 924
649 967
649 998
650 741
650 753
650 815
651 733
651 738
651 756
651 784
651 794
651 857
651 861
651 863
651 909
651 950
651 958
651 988
651 992
652 697
652 705
652 835
652 877
652 963
653 671
653 767
653 782
653 890
654 788
654 792
654 883
654 908
655 665
655 671
655 681
655 847
655 881
655 923
655 936
655 958
656 677
656 851
656 865
656 892
656 999
657 690
657 725
657 747
657 811
657 856
658 659
658 752
658 804
658 807
658 895
658 906
658 924
659 736
659 755
659 779
659 821
659 825
659 869
659 904
660 682
660 734
660 809
660 841
660 866
660 895
660 961
660 970
661 731
661 862
661 889
661 926
661 962
661 969
661 974
662 735
662 897
662 952
663 688
663 696
663 731
663 781
663 801
663 936
663 950
663 964
663 981
664 752
664 756
664 882
664 894
664 912
664 950
664 976
665 797
665 814
665 870
665 885
665 950
665 974
666 676
666 715
666 725
666 740
666 833
666 835
666 847
666 868
666 929
667 712
667 750
667 802
667 881
668 676
668 785
668 788
668 831
668 835
668 901
668 946
668 957
668 973
669 728
669 778
669 814
669 924
669 945
669 957
669 987
670 674
670 774
670 783
670 784
670 835
670 866
671 727
671 909
672 676
672 756
672 845
672 897
672 929
673 696
673 743
673 854
673 919
673 942
673 973
674 680
674 693
674 720
674 767
674 853
674 879
674 891
675 712
675 828
675 879
675 951
676 757
676 779
676 813
676 836
676 904
676 970
676 976
677 679
677 804
677 868
677 919
677 946
678 692
678 714
678 785
679 874
680 692
680 723
680 781
680 858
680 917
680 930
680 941
681 757
681 784
681 785
681 809
681 817
681 827
681 911
681 952
682 694
682 728
682 824
682 934
683 736
683 773
683 856
683 917
683 951
683 984
684 723
684 808
684 995
685 690
685 742
685 760
685 802
685 879
685 974
686 806
686 808
686 836
686 840
686 915
686 967
687 726
687 742
687 778
687 783
687 817
687 934
687 937
688 702
688 721
688 768
688 771
688 805
688 850
688 892
688 901
688 955
688 964
688 977
689 984
690 741
690 781
690 860
690 960
691 750
691 778
691 826
691 836
691 883
691 885
691 887
691 909
691 924
692 782
692 831
692 866
692 944
693 711
693 822
693 860
693 870
693 882
693 940
693 944
693 976
694 721
694 736
694 747
694 788
694 866
694 932
694 988
694 989
694 992
695 702
695 725
695 731
695 735
695 789
695 790
695 793
695 794
695 990
696 733
696 755
696 759
696 803
696 837
696 852
696 905
696 906
696 922
696 949
697 706
697 889
697 973
698 709
698 788
698 874
698 924
698 961
698 977
698 991
699 744
699 852
699 954
699 955
699 974
699 977
700 731
700 744
700 786
700 808
700 973
701 708
701 730
701 742
701 753
701 766
701 792
701 832
701 941
701 969
702 713
702 759
702 774
702 799
702 839
702 840
702 857
702 925
703 719
703 738
703 756
703 781
703 810
703 823
703 875
703 954
703 985
704 740
704 776
704 797
704 850
704 993
705 752
705 794
705 836
705 875
705 899
705 932
705 938
705 998
706 758
706 817
706 828
706 905
707 773
707 836
707 880
707 887
707 905
707 959
708 815
708 819
708 828
708 948
708 975
708 988
709 715
709 853
709 962
709 974
710 719
710 763
710 832
710 890
710 903
710 950
710 965
711 868
711 913
711 929
711 941
711 980
712 763
712 770
712 822
712 842
712 875
712 878
712 932
713 728
713 729
713 785
713 827
713 860
713 866
713 968
713 985
714 748
714 763
714 771
714 786
714 803
714 829
714 901
714 921
714 945
714 971
715 769
715 808
715 880
715 995
715 999
716 801
716 821
716 822
716 840
716 842
716 944
716 960
717 718
717 773
718 804
718 806
718 896
719 721
719 739
719 830
719 857
719 875
719 931
720 753
720 855
720 877
720 894
720 896
720 914
720 951
720 985
721 744
721 776
721 889
721 941
721 947
722 810
722 827
722 833
722 877
722 885
722 947
723 738
723 775
723 857
723 894
723 922
723 931
723 988
724 770
724 820
724 942
725 728
725 800
725 801
725 902
725 967
725 995
726 753
726 754
726 757
726 817
726 837
726 854
726 931
726 966
727 767
727 772
727 852
727 920
727 985
728 758
728 830
728 844
728 849
728 912
728 968
729 754
729 756
729 838
729 842
729 904
729 968
729 995
730 793
731 834
731 847
731 949
731 964
731 990
732 758
732 802
732 874
732 878
732 900
732 917
732 935
732 987
733 941
733 974
734 738
734 815
734 819
734 843
734 913
734 959
734 973
734 980
734 996
735 759
735 902
735 957
736 856
736 878
736 916
736 989
737 738
737 899
737 914
738 767
738 838
738 842
738 872
738 906
738 976
739 766
739 917
739 928
739 975
740 761
740 991
740 994
741 768
741 784
741 790
741 797
741 816
741 820
741 897
741 954
741 963
742 830
742 835
742 848
742 888
742 899
742 968
743 791
743 805
743 854
743 871
743 980
744 803
744 977
745 750
745 752
745 952
746 752
746 796
746 827
747 765
747 769
747 800
747 827
747 901
747 914
747 984
748 749
748 765
748 844
748 896
749 756
749 783
749 810
749 856
749 888
749 978
750 907
750 960
751 775
751 785
751 797
751 801
751 855
751 926
752 800
752 801
752 848
752 889
752 896
752 937
752 981
752 988
753 772
753 777
753 862
754 984
755 765
755 797
755 808
755 895
755 908
755 916
755 917
755 950
755 982
755 993
756 882
756 884
756 910
756 944
756 947
757 773
757 888
758 768
758 774
758 793
758 799
758 835
758 962
758 996
759 763
759 784
759 881
759 907
759 930
759 949
759 985
760 907
760 912
760 949
760 971
760 991
761 798
761 818
761 907
761 937
761 962
762 796
762 870
762 909
762 928
762 967
762 995
763 826
763 855
763 928
763 930
764 767
764 773
764 785
764 922
765 766
765 804
765 813
765 850
765 881
765 884
765 892
766 771
766 874
766 895
767 794
767 807
767 854
767 859
767 919
767 934
767 946
767 989
768 802
768 809
768 826
768 844
768 897
769 837
769 897
769 936
769 939
769 978
770 798
770 806
770 850
770 914
770 942
770 968
771 776
771 803
771 972
772 824
772 827
772 836
772 858
772 885
772 982
773 793
773 832
773 845
773 904
773 950
773 955
774 805
774 930
774 961
775 809
775 938
775 976
776 830
776 842
776 888
776 975
776 990
776 999
777 795
777 804
777 918
778 812
778 861
778 866
778 890
778 923
778 969
779 810
779 987
779 991
780 824
781 872
781 926
781 939
782 839
782 879
783 824
783 851
783 874
783 903
783 905
783 923
783 935
783 966
784 859
784 897
784 928
784 930
784 958
785 803
785 850
785 958
785 969
785 985
785 992
785 995
786 803
786 835
786 881
786 931
787 813
787 829
787 845
787 883
788 802
788 819
788 867
788 880
788 944
788 976
789 828
789 854
789 855
789 897
789 932
789 965
789 989
790 884
790 945
791 911
791 984
792 963
792 991
793 811
793 869
793 895
793 909
793 949
793 972
793 975
794 841
794 898
794 985
795 816
795 865
795 915
795 956
796 823
796 824
796 963
796 970
796 995
797 837
797 843
797 848
798 809
798 823
798 965
798 992
799 860
799 870
799 993
800 825
800 831
800 881
800 921
801 823
801 863
801 864
801 903
802 934
802 997
803 822
803 866
803 925
803 945
803 953
804 930
804 960
805 840
805 857
805 904
805 938
805 939
806 892
806 997
807 817
807 824
807 868
807 942
808 853
808 881
808 900
808 907
808 951
808 966
809 816
809 831
809 914
809 988
810 914
810 926
810 952
810 996
811 923
811 948
811 970
811 975
811 992
812 842
812 848
812 895
812 961
812 984
813 866
813 930
814 847
814 929
814 956
814 998
815 867
815 891
815 973
815 989
816 961
817 879
817 935
817 960
817 992
818 865
818 890
818 977
819 859
819 894
819 990
820 844
820 942
821 847
821 898
821 970
821 978
821 998
822 845
822 874
822 936
823 857
823 869
823 956
823 959
824 928
824 951
824 958
825 867
825 884
826 845
826 918
826 990
826 996
827 836
827 961
827 975
827 999
828 934
828 959
828 981
828 997
828 999
829 832
829 870
829 941
830 832
830 911
831 858
831 893
831 936
831 947
832 960
833 876
834 884
834 972
835 880
835 978
835 979
836 894
836 946
836 949
836 984
837 858
837 916
837 944
837 948
837 958
837 999
838 851
838 910
838 951
838 994
839 856
839 879
839 882
839 893
840 848
840 885
840 916
840 943
841 926
842 843
842 857
842 859
842 860
842 885
842 977
843 896
844 887
844 968
845 862
845 865
845 881
845 896
845 903
845 934
845 984
846 907
846 981
846 990
847 848
847 908
847 925
847 980
847 991
848 921
848 926
849 903
849 961
849 971
850 908
852 985
853 881
853 935
853 978
854 901
854 930
854 983
855 879
855 882
855 894
855 907
855 929
856 862
856 946
857 861
857 875
857 907
858 952
858 982
859 917
860 874
860 892
860 895
860 917
860 964
860 971
860 973
860 981
861 892
861 928
861 944
862 918
862 925
862 941
862 973
862 993
863 902
863 975
864 884
864 918
864 953
865 948
865 973
866 946
866 971
867 918
868 891
868 903
868 968
869 897
869 905
869 916
869 924
870 873
870 877
871 901
871 907
872 942
872 979
872 988
872 995
873 900
873 969
874 957
874 995
875 914
875 941
875 978
876 883
877 915
878 912
878 955
879 936
879 981
880 914
880 943
881 903
881 947
882 942
882 993
883 884
883 898
883 906
883 938
884 942
884 948
884 968
884 973
885 921
885 934
886 900
886 909
886 937
886 953
887 890
887 960
888 898
888 913
888 963
888 974
888 985
888 994
889 910
889 917
890 949
891 976
892 965
892 972
892 985
893 898
893 989
894 913
894 917
894 974
894 979
894 988
895 899
896 911
896 966
897 917
897 921
897 936
898 933
899 967
899 994
901 933
901 942
901 947
901 989
902 945
902 970
903 916
904 985
905 999
906 918
906 982
907 917
907 935
907 950
907 976
907 981
908 930
908 966
909 971
910 935
910 981
911 959
912 921
912 961
912 966
912 982
912 987
913 940
913 980
914 949
914 966
915 916
915 938
915 947
915 972
915 979
917 943
917 968
917 987
918 979
919 933
920 921
922 955
922 962
922 986
923 945
924 938
924 971
924 993
925 936
925 950
926 938
926 940
927 937
927 960
928 991
928 994
932 956
933 949
933 959
933 961
933 973
934 952
934 985
935 970
936 967
936 994
940 994
940 996
944 969
945 953
945 975
945 984
947 972
948 974
948 986
949 961
950 990
951 983
953 992
954 986
955 964
956 999
959 994
960 974
960 993
963 970
965 988
965 989
966 981
971 972
976 999
977 996
982 983
984 990
991 993
